1 -3.0880 -143.1513
2 48.6656 -165.7083
3 -123.0845 -121.0140
4 -93.4664 -126.8723
5 4.7062 -59.8035
6 -27.1635 -172.2235
8 -42.4749 -89.1130
10 5.6068 -81.2290
11 -79.8871 -137.0375
12 8.2396 -89.0217
13 -39.3225 -125.3758
14 -32.7754 -28.4135
15 -5.1319 -147.9145
16 -15.1778 -172.3330
17 4.7062 -182.2062
18 16.5534 -151.4732
19 -87.8546 -86.1200
20 18.8051 -188.4477
21 2.3852 -135.2125
23 -105.7986 -98.2197
24 -29.8655 -93.5112
25 -14.6928 -64.5120
27 -1.7717 -179.0490
28 -7.0718 -121.0505
30 -88.0971 -84.4227
32 -8.5613 -144.7572
34 38.5158 -132.7122
35 -153.4993 -101.6508
38 -42.1631 -73.8013
39 -89.4481 -132.9312
40 21.4724 -79.4222
41 -84.9794 -146.8377
42 -121.6642 -74.0020
43 -80.2336 -77.2322
44 -90.7991 -133.6247
45 -24.6348 -148.9548
47 -4.8547 -136.7637
48 -75.1067 -154.3385
49 -86.3304 -93.8580
50 -34.6460 -84.9155
51 -26.0897 -165.7448
52 -94.6789 -141.7095
54 8.2742 -171.1467
55 -105.2097 -113.6957
56 5.7800 -179.9980
57 -59.0679 -69.1475
58 -15.1431 -171.2380
59 5.5376 -136.9645
61 -112.9693 -112.5095
62 -104.8633 -119.7912
63 14.9599 -160.1785
65 -67.8321 -141.3810
66 -116.8145 -132.0187
68 -110.6484 -83.5467
69 -68.2478 -48.9265
70 -101.4685 -102.6362
71 -61.2503 -64.0010
72 -29.5191 -124.6458
73 4.0134 -140.7423
74 -4.5776 -71.6113
75 -118.4426 -69.2388
76 -80.1296 -147.5860
77 -31.5976 -83.7110
78 4.6715 -40.4402
80 0.7571 -69.7315
81 -14.8660 -155.8715
83 -115.2902 -126.4890
84 -70.8458 -143.8082
86 -14.1385 -184.0677
87 -35.9970 -25.1650
88 -141.4096 -112.9293
89 -94.7135 -102.2530
90 -89.8984 -145.8887
91 -57.4398 -61.5008
92 -79.6447 -69.1840
93 -53.0057 -84.8607
94 -133.4768 -108.9872
95 15.7567 -160.1055
96 7.4428 -121.5615
97 30.3059 -129.8652
98 -83.6284 -140.0488
99 -37.2787 -141.3445
101 2.3159 -106.4323
102 -96.4109 -62.5045
103 -44.8651 -51.7735
104 -169.4341 -100.0447
105 17.2462 -167.0222
106 -100.1868 -120.5578
107 2.5238 -186.5132
108 -74.7949 -86.3572
109 8.7592 -38.7430
110 -69.0099 -123.0580
111 -51.5162 -155.9627
113 9.3481 -67.7423
114 15.3063 -81.4115
116 -1.9103 -179.5782
117 -91.5958 -95.6100
119 -101.9881 -138.7895
120 -143.5573 -93.4383
121 30.9641 -88.0362
122 39.7629 -141.9833
123 7.0964 -66.9940
125 10.0062 -157.6053
126 5.8840 -37.4107
127 -13.8614 -106.5052
128 27.9849 -150.5973
129 -112.1379 -94.5880
130 -123.2577 -99.4608
131 -27.8564 -131.9457
132 -36.7591 -159.2112
135 -56.0195 -102.0705
138 -101.1221 -136.1615
139 -66.0307 -48.0870
140 -52.7979 -71.6478
141 -125.1283 -111.1772
143 -8.8038 -63.9827
144 -50.1652 -143.2607
145 -97.0344 -92.3615
146 35.1903 -150.3783
148 -118.2001 -108.1478
149 34.7746 -154.5392
150 -89.7945 -108.9872
151 -35.7199 -107.8923
152 34.1510 -126.9635
153 -40.8467 -86.3572
154 21.9574 -61.0628
155 -0.2475 -82.3970
156 -44.9690 -111.5605
158 -77.0466 -66.6472
159 -70.6726 -124.4085
160 -40.4657 -153.0063
162 -107.3228 -116.8530
163 11.0108 -103.8955
165 -48.8835 -122.1090
166 -65.6843 -113.4950
167 -138.4651 -112.0715
168 -36.6205 -94.9348
169 -136.1441 -103.4210
171 -20.7550 -121.8170
172 44.0237 -123.5325
173 -45.5233 -151.3090
174 -56.8162 -98.1467
175 15.5488 -61.6285
176 15.0985 -69.5125
177 37.8230 -127.7482
178 -45.3501 -30.5305
179 -63.3287 -135.6140
180 7.8585 -163.0803
182 -105.2444 -119.5357
183 32.6268 -167.8800
184 -22.1752 -57.0295
185 1.4846 -184.4328
186 -23.0066 -81.6670
188 -89.7598 -63.6177
192 -63.7444 -140.6327
193 -1.4599 -188.5208
194 30.2712 -106.9797
195 -4.0580 -51.3902
196 -75.1413 -47.3935
197 16.4495 -176.3845
198 -11.9561 -66.8480
200 -84.5983 -141.3080
201 -43.4795 -173.3732
202 33.1118 -119.4080
203 20.8489 -103.0012
205 -18.4687 -162.8065
207 -41.7474 -140.2130
209 -22.2792 -153.9005
212 2.6277 -101.1398
213 -20.2007 -169.8145
215 -8.0417 -146.9838
216 -130.2898 -107.0527
218 -69.1831 -102.0888
219 -1.4253 -175.3078
220 16.2070 -147.7503
222 2.5584 -169.9970
223 -118.3733 -106.5600
224 -36.2048 -49.9485
225 -8.3188 -128.5695
227 -3.1920 -170.8365
229 -64.4719 -64.2200
230 -2.0835 -186.6410
231 -103.3391 -125.6130
234 -22.0367 -115.2470
235 31.0680 -114.5352
238 7.0271 -114.9915
239 -66.6196 -160.9633
240 -19.3000 -188.6485
241 -77.2544 -88.9305
242 -111.7915 -71.7755
243 -1.4253 -96.2852
244 -115.4288 -85.5178
245 -48.7795 -92.2703
246 -2.9841 -164.6862
247 -142.1370 -96.2852
248 -10.5359 -74.9145
249 -55.9849 -121.4885
250 -78.4669 -93.4017
251 -102.3345 -86.5397
252 -46.1122 -93.6207
253 1.6578 -23.4495
254 19.7057 -143.9907
255 -55.3267 -44.5830
257 6.4382 -177.1327
258 -0.9403 -37.3560
260 -39.3225 -136.4353
262 11.1148 -173.7565
264 13.4703 -166.5477
266 31.6915 -166.4930
267 -51.2737 -163.9927
268 -20.1661 -101.9062
269 -5.1665 -33.0307
270 -8.3188 -63.6908
271 -40.5003 -106.7607
272 -78.2244 -108.7135
276 -67.7974 -156.5285
277 -6.8639 -181.2390
278 -61.6313 -163.3540
279 40.9753 -134.0263
281 -130.5669 -85.4812
282 -29.3806 -100.5557
283 -2.3606 -20.7850
285 -70.9151 -110.7393
286 -26.5746 -150.7067
287 40.3518 -129.0440
288 -52.5208 -149.5935
289 -87.6814 -74.0385
291 15.4795 -81.7765
294 -115.6713 -102.9647
295 30.3405 -177.3517
296 -55.5692 -105.8300
297 -127.0682 -95.7925
298 8.4820 -76.7942
299 -36.8977 -136.3257
300 -27.8910 -21.9895
301 -120.0014 -81.5940
304 33.8393 -164.4672
305 -55.6384 -145.6332
306 -134.2389 -115.8310
307 -46.9782 -138.6617
308 -120.8328 -125.7225
309 -137.5644 -113.3673
310 -82.0349 -135.3220
311 -3.0534 -57.4310
312 -26.2629 -160.0143
314 -107.7039 -105.7752
315 -73.7210 -55.3322
316 -56.6430 -152.2763
317 -19.6464 -185.7832
318 -139.6775 -93.1280
319 -50.3037 -163.0437
321 -91.6997 -100.2637
322 -34.6460 -33.7242
323 -16.1477 -53.3795
324 -42.3017 -59.2925
325 -18.6765 -121.3790
326 -45.8004 -133.3692
327 -125.7865 -126.3065
328 -27.5446 -97.0518
329 -17.5680 -85.6090
330 -33.6068 -173.1177
331 34.7746 -158.2075
332 33.7353 -180.1075
333 -67.3817 -85.5360
334 -126.2714 -76.1190
335 -93.6743 -65.3515
336 -123.7080 -95.5005
337 -34.5767 -158.8280
338 -107.6692 -72.9435
339 -24.4269 -26.1870
340 -20.7203 -97.9825
341 -89.3788 -82.0502
342 31.6569 -131.5807
343 -86.1572 -132.0370
344 -4.9587 -176.0925
345 -86.3997 -58.4530
347 -37.7983 -132.7122
348 -48.9527 -70.5345
349 -53.5946 -46.0065
350 -30.5584 -138.3698
351 -19.8197 -158.5360
352 14.9599 -163.5000
354 -48.6756 -160.5617
355 -21.4131 -20.1462
356 -56.4352 -165.9638
357 24.2091 -108.8595
358 -25.9165 -36.5713
359 -0.5246 -43.6340
360 -108.3967 -117.9663
362 4.5330 -78.2360
363 -95.3717 -74.3305
364 54.5892 -161.4378
365 9.2441 -143.3337
366 -24.6694 -82.7072
367 -55.2574 -86.1747
368 6.9925 -101.7967
370 19.2554 -117.7108
371 -143.6266 -85.7550
372 5.6415 -60.4605
373 21.3685 -91.4307
375 -108.4313 -95.1720
376 30.4791 -132.7305
379 -35.5467 -77.0680
380 8.7592 -180.8010
381 -61.3542 -124.3172
382 -27.8910 -151.3638
383 -57.4051 -152.6412
384 -48.6063 -101.9245
386 -74.9335 -69.6768
387 -96.6534 -108.7682
389 30.9641 -92.5075
390 -31.8401 -87.4157
391 -42.3363 -174.7055
392 -115.1170 -115.6485
394 -59.3104 -149.0460
395 -10.6744 -40.6775
396 -10.6051 -163.8468
397 16.8652 -177.6072
398 -87.8546 -97.3620
400 -2.2220 -194.9630
402 -29.1381 -24.9825
403 4.1866 -196.6602
404 -51.7587 -46.5905
406 -19.8543 -147.2210
407 -67.0700 -56.2630
408 -0.6978 -185.0350
410 -143.7651 -108.9872
411 -9.4966 -85.1892
412 -37.0362 -172.7892
413 -43.5834 -139.4282
415 -59.6222 -94.0587
416 -128.8695 -121.7257
417 -71.2962 -47.3935
418 40.3518 -169.4495
419 -100.9489 -71.8668
422 -45.8697 -104.8445
424 25.0058 -130.4493
425 -131.5369 -80.0792
426 -60.9732 -39.3817
428 -22.9373 -24.5263
429 42.1531 -174.5412
430 -84.4251 -143.1695
433 -115.7406 -106.9433
435 -21.9674 -176.0195
436 45.8250 -166.1462
438 6.9232 -63.0520
439 17.8698 -98.0373
441 -16.0091 -18.3577
442 -30.3159 -78.3638
443 -122.4609 -107.0527
444 -6.4482 -70.3703
445 -43.5141 -34.1075
446 -139.5043 -86.5945
447 -1.2867 -187.7907
449 -56.4698 -60.1138
450 -35.2003 -156.3643
451 -31.9786 -84.8972
452 5.0872 -170.4897
453 -83.2127 -88.4013
454 -30.0734 -34.7280
455 -5.9633 -47.0833
456 -17.6373 -53.2517
457 24.2437 -101.8515
458 13.5396 -144.6295
459 -39.5997 -37.8487
460 -5.6515 -93.2193
461 -11.6097 -121.2695
462 -8.7345 -193.1380
463 11.8769 -107.8558
464 -9.7738 -61.0080
466 -69.7373 -155.0867
467 16.5534 -72.0675
468 -82.7277 -88.8210
469 -32.4290 -44.8750
470 -8.4228 -128.6790
471 -38.5951 -107.6915
473 -13.3071 -107.2535
474 22.6849 -106.3227
475 -94.7481 -92.5258
476 -59.7954 -90.5182
478 -73.2361 -78.7470
479 -49.9920 -74.3122
481 -85.9840 -93.7850
482 -75.3838 -59.0735
483 -115.6713 -101.2492
484 -19.7157 -102.1982
485 -44.2416 -59.2012
487 -5.4783 -37.5020
488 -148.0953 -106.1950
490 -139.8161 -106.3227
491 15.7220 -147.2210
492 -0.8364 -46.0612
494 -77.6701 -48.3790
495 -22.7295 -70.6623
496 -55.4652 -88.8758
497 16.6227 -110.0093
498 -74.6217 -93.6025
499 -81.8963 -143.6075
500 -12.3372 -70.7717
501 -21.6903 -153.5173
502 -150.2430 -87.8720
503 -45.5926 -105.3737
505 -95.7874 -77.5790
506 -41.8513 -131.1062
507 -32.8793 -100.9208
508 29.2666 -175.1435
511 19.3940 -186.3125
512 24.6248 -182.9727
513 11.8769 -63.4900
514 -12.0601 -126.0875
515 -53.8718 -75.3342
516 -25.1890 -24.9825
517 -28.8610 -94.1865
518 -60.8692 -56.3907
520 -14.1039 -151.2360
521 -13.6882 -45.3495
522 -53.4561 -163.0620
523 47.0375 -171.2745
524 30.1327 -120.2110
525 -34.7153 -165.1607
526 11.4612 -125.2115
527 -27.7178 -122.9485
528 -30.0734 -143.1330
529 -139.7814 -99.2965
532 -28.2374 -174.2492
533 -36.9323 -147.8050
536 -63.1902 -147.3852
538 -116.0524 -69.2205
539 -57.8901 -66.1180
540 -2.2220 -110.1370
541 -40.2578 -91.0475
542 -106.2489 -95.6465
544 -72.8897 -148.9548
545 -30.0387 -23.7597
546 -72.1622 -127.5658
548 -42.5441 -163.9562
551 -94.8521 -105.7570
552 26.5993 -166.0367
553 -83.6630 -50.9340
554 -100.4639 -113.0935
555 -56.0195 -59.8765
556 45.3747 -143.0965
557 -7.4528 -82.4518
558 -99.3900 -121.0505
561 -51.3083 -119.7730
562 13.3318 -157.8425
563 -11.4019 -104.9357
564 31.6569 -174.5595
565 -65.6151 -128.4965
568 -156.3052 -91.3577
569 -47.7749 -82.9263
571 -69.2870 -128.2775
573 -24.8080 -111.1407
574 6.0572 -166.7120
576 7.4082 -84.1490
577 -96.4802 -122.5835
578 -34.1957 -152.6960
579 -22.2445 -184.2503
580 -44.9690 -37.8670
581 6.4036 -160.4523
582 -17.2216 -174.8880
583 35.3635 -109.0237
586 -75.9727 -99.4425
587 -83.5591 -52.1568
588 -154.0882 -100.6470
592 -42.0938 -142.3847
595 -62.9131 -138.6982
597 -66.6543 -146.1442
598 24.0359 -97.5263
599 -139.2965 -116.2325
600 2.4545 -25.9680
601 17.0730 -106.4505
602 17.6966 -102.3990
604 -74.1714 -62.9608
606 33.8393 -99.5702
607 -9.6006 -110.0822
608 6.0918 -154.9772
609 -25.5008 -46.2072
610 -18.2262 -152.3310
611 -105.6254 -89.9525
613 -122.0106 -98.5665
614 36.2641 -120.9410
617 10.9069 -83.3277
618 22.3384 -81.3202
619 6.6461 -159.9778
620 -59.8300 -58.5077
621 -59.6222 -140.9430
623 -9.2888 -41.2797
624 -82.6584 -67.6875
625 -38.9761 -119.9920
626 -42.5095 -149.8125
628 16.3109 -162.8613
629 -81.5499 -104.1692
630 17.6273 -56.6645
631 -16.9444 -179.6147
632 -17.5333 -79.5318
634 -84.5983 -90.4817
635 21.7842 -162.1495
636 -49.2299 -160.5617
637 -32.7754 -71.2280
638 -117.4380 -89.8065
641 37.6498 -172.6980
642 -60.3843 -154.1925
643 -99.4593 -71.9762
646 -14.6235 -69.3117
648 1.6578 -123.6602
649 -38.9761 -33.0125
650 -84.3558 -115.6485
651 3.4591 -47.6125
653 -83.0741 -125.3210
654 -14.1385 -24.1612
655 -7.1410 -68.2533
656 -72.3354 -152.1302
657 -19.4040 -25.1832
658 -11.6790 -156.2547
659 -133.1996 -122.4010
660 19.4632 -70.9360
661 -40.7428 -48.1417
662 41.5296 -127.8030
663 -29.8309 -160.9085
664 -153.3261 -100.0630
666 19.0822 -156.7475
667 -4.3005 -146.8560
668 -111.5490 -124.3537
669 29.6131 -129.6645
671 -48.5370 -67.8335
672 -125.7518 -116.8165
673 -7.0718 -185.1628
675 -39.1147 -25.8767
677 10.7684 -52.3758
678 16.8305 -182.5895
679 -46.8743 -154.7218
680 -75.3838 -115.0463
682 -37.8330 -142.4578
683 -114.1817 -103.0195
684 44.3008 -159.4850
685 -16.1477 -159.9413
687 -28.6531 -89.1678
688 7.0964 -177.7715
689 -12.0947 -100.5740
690 -94.4017 -102.3260
691 -99.0090 -91.5585
692 -11.6444 -33.8337
693 -0.0743 -40.6957
694 -53.0750 -35.5310
695 -63.8484 -155.6708
696 -28.0642 -18.2665
698 0.3414 -68.9468
699 -65.0954 -124.9742
700 -67.8667 -45.6780
701 -58.5829 -75.6993
703 5.7800 -120.2292
705 -22.9027 -121.2147
706 -28.3760 -162.8065
707 -142.9338 -96.1575
712 -32.2211 -125.5217
713 -75.0028 -45.6050
714 29.4399 -175.5815
715 -36.7937 -32.2643
716 1.2421 -44.5830
717 0.1336 -57.8873
720 36.9569 -152.6777
721 -111.7569 -134.3547
723 -59.0679 -71.1368
725 -157.4830 -95.7560
726 -113.0039 -83.4190
727 -23.5955 -141.8007
728 -30.3852 -45.4955
729 -114.3549 -69.1110
730 -34.8192 -159.9595
731 13.8514 -174.7237
732 -49.5763 -142.3117
733 -65.7190 -142.1657
734 -73.2361 -46.0430
735 0.9649 -88.2370
736 27.1189 -86.2112
738 -118.5465 -80.9553
740 -52.8325 -116.7253
741 -118.4426 -109.7903
742 -74.7949 -46.4992
746 44.2662 -161.9123
747 -17.6026 -94.0587
748 -48.0174 -163.5548
749 4.3944 -196.3500
750 13.0547 -183.1552
751 27.2575 -98.1467
752 -62.3588 -116.7253
753 -3.6077 -26.8805
754 38.5504 -143.5162
755 -20.8589 -44.1450
756 17.0384 -145.8887
758 -4.0580 -39.3635
759 29.7863 -128.0403
760 -58.3058 -150.7797
761 -47.3592 -111.4693
762 -34.9231 -100.0630
763 -4.8201 -165.4527
764 7.2696 -94.7157
766 -3.3652 -164.1387
767 -113.6275 -98.8950
768 -16.2863 -161.4195
769 -35.5120 -65.3333
770 -122.5649 -118.8970
774 15.4449 -99.3330
775 25.5601 -137.0010
776 -35.0271 -165.1060
777 17.3848 -116.5610
778 -10.7091 -56.2812
779 -29.5191 -124.4633
780 -22.0713 -23.4130
781 6.1957 -34.0710
782 -19.7504 -150.2870
783 -47.1514 -91.3760
785 -111.3065 -133.4787
786 28.4353 -152.2580
787 -150.1737 -109.6807
788 -132.9918 -108.4397
790 30.3405 -92.8542
792 -34.4728 -155.7985
793 -54.3914 -148.2065
794 20.7450 -161.6568
795 27.4653 -153.9735
796 -95.9952 -139.0267
797 -10.2934 -114.3345
798 -62.2549 -152.9697
800 2.8702 -136.5082
801 22.5117 -159.7223
802 45.2015 -136.7090
803 -111.3412 -65.6070
805 -78.2937 -105.5380
807 5.1565 -187.8455
809 -9.0463 -37.0093
812 12.4311 -88.7480
813 50.5362 -140.5962
815 -66.2732 -149.2103
816 -24.3923 -167.2777
817 -85.8454 -135.4498
818 0.0296 -23.4130
820 -157.7255 -103.8407
821 -86.0532 -110.7758
822 -69.2870 -136.7455
823 -111.7915 -85.2988
826 -135.0703 -90.0072
827 -121.5603 -93.3835
828 -27.4753 -70.9907
830 -113.9392 -96.2122
832 -87.7507 -102.6545
834 -123.1538 -73.5640
835 -54.4953 -100.3915
836 20.2946 -101.8333
837 -11.1594 -108.2572
838 -3.2266 -35.2937
839 -69.8413 -95.8107
840 -58.2712 -41.5352
842 39.8668 -162.2407
843 -80.0950 -68.3810
844 43.2270 -162.3685
847 -40.9160 -116.4332
848 -20.2353 -157.3498
849 -4.3351 -131.0332
852 -103.1313 -111.9255
854 -94.2632 -67.9430
855 -79.8179 -120.5395
856 -15.0392 -67.2678
857 -96.4802 -72.1587
858 -65.7190 -123.2770
861 -29.6231 -76.3562
862 -115.9138 -103.0195
863 -114.3896 -72.5603
864 -49.8534 -165.8542
865 -47.8096 -67.0305
868 -53.8371 -43.2508
869 -142.5874 -107.9652
870 -1.5985 -152.5135
872 -103.8934 -106.9797
873 -72.7165 -93.7120
874 23.3430 -149.9220
875 -3.3998 -31.0598
877 49.2545 -137.5850
878 -89.4134 -91.6862
879 4.4983 -52.6860
881 -64.4719 -117.1998
882 -14.3117 -99.2235
883 -66.7928 -67.9795
884 -7.8339 -101.9975
885 -3.3998 -163.5730
886 35.0171 -165.5075
887 -83.1780 -124.7188
888 -166.9400 -102.1435
889 -45.4886 -158.4630
890 -11.3672 -162.0400
891 8.5513 -71.2280
892 -84.4598 -134.9022
893 -53.2829 -71.3192
895 -42.4749 -41.3163
896 -97.9351 -100.8295
897 -8.7345 -45.5320
898 10.9069 -88.4378
899 14.5789 -158.1527
901 -11.8869 -171.1832
902 -64.9569 -59.6393
903 12.6390 -155.1050
905 -16.9791 -105.6657
906 -88.9284 -93.3287
907 -73.1322 -147.7685
908 -79.5754 -142.2023
911 -93.3279 -57.5040
913 -88.3049 -74.4035
914 -40.8467 -101.1215
915 5.3990 -183.5750
916 -54.3221 -166.2010
917 -30.9741 -53.5437
918 -59.3797 -127.8030
919 -90.1062 -108.8595
920 -45.9390 -159.7040
921 -73.1668 -109.5713
922 8.9324 -171.0190
923 -34.5767 -138.6070
926 -50.1652 -118.8788
927 -134.8971 -106.4323
928 -24.2883 -113.9330
930 -89.5173 -95.8655
931 -23.4223 -101.6690
932 -19.8543 -171.5665
933 -71.1576 -138.6435
934 -63.6059 -110.7758
935 19.5672 -135.3950
937 -7.2103 -40.6957
938 -10.0162 -160.8902
939 22.0267 -132.7487
940 -6.4829 -79.2032
941 -120.4518 -115.0645
944 -66.1000 -62.1212
946 -65.7883 -130.3397
947 -19.1268 -103.3845
949 -136.0748 -92.1790
951 -120.9714 -76.5387
953 9.4866 -132.8765
954 -29.9002 -155.7255
955 -85.1526 -69.0562
956 -159.1458 -103.7495
957 -42.1631 -171.8950
958 -93.0507 -88.6750
959 -72.5086 -66.5743
960 2.4545 -68.5452
961 -76.3538 -124.7735
962 -2.3952 -18.7958
963 31.0680 -122.0725
966 -143.5227 -109.9180
967 -67.3471 -93.5295
968 -40.8121 -148.6628
970 7.4775 -85.4265
971 -28.5145 -180.9287
972 -73.3746 -112.8015
973 -29.8655 -178.2278
974 -112.2418 -83.5285
976 -16.7712 -62.2490
977 -46.0082 -45.3677
978 -33.6761 -73.7648
980 -79.3675 -150.6885
981 -25.7433 -148.6628
982 -85.4990 -76.9585
983 -40.4657 -45.0392
984 42.4995 -137.9865
985 13.8860 -60.9715
986 33.8739 -177.4795
987 -74.1021 -72.4142
988 8.7245 -69.3482
989 -39.5650 -145.0675
990 -42.1285 -151.6192
991 -140.7167 -84.0395
992 -48.6063 -162.7152
995 7.2350 -51.7188
996 10.6298 -158.8462
997 -74.7256 -69.5125
998 -75.5224 -50.0215
1000 -108.3274 -110.8670
1001 -109.9902 -109.2975
1002 -82.3467 -110.4838
1003 -28.7224 -156.3825
1006 -111.5837 -109.9362
1007 7.8931 -73.5093
1008 -122.3570 -79.4770
1010 -61.5621 -160.4523
1011 -89.0670 -146.4180
1012 -136.6637 -95.2632
1013 -151.4901 -92.2703
1018 -95.7527 -92.7265
1019 -44.4494 -140.4137
1020 -21.2399 -151.8383
1022 -17.1869 -173.2090
1023 4.0134 -193.2292
1024 32.0726 -172.4243
1025 -61.9777 -144.6842
1026 -76.6309 -147.9693
1027 -60.8346 -62.5228
1028 47.6610 -163.0620
1029 -98.7665 -113.0570
1030 -99.9443 -94.4785
1031 -43.0638 -141.6547
1032 -4.2312 -191.5502
1033 -77.8087 -96.5773
1034 -58.4444 -136.3257
1036 -87.3350 -124.5545
1037 -114.9785 -103.8043
1038 14.4403 -40.6593
1039 -95.1985 -97.8547
1041 -143.3841 -88.9305
1044 -34.9231 -163.5730
1045 -115.2556 -92.3250
1046 -123.1538 -84.3680
1047 -33.6068 -85.3170
1048 -26.2629 -33.3775
1050 42.8806 -163.2080
1051 -140.9939 -83.2365
1052 1.8310 -61.4095
1053 4.1519 -155.1598
1054 -105.8333 -87.6713
1056 -132.2990 -113.5315
1057 -104.8979 -67.5598
1058 -71.3308 -93.6938
1059 -88.4088 -102.5450
1061 -148.9959 -95.6830
1062 -74.2060 -111.0677
1063 -15.5588 -46.2437
1064 34.0471 -101.2310
1067 -29.6577 -148.5715
1068 -11.3672 -21.0952
1070 8.3781 -164.8687
1071 -46.2161 -150.9805
1072 -62.4974 -111.3597
1073 -3.0880 -27.5922
1074 18.6319 -142.2388
1075 -26.9557 -121.0322
1077 10.5259 -185.8380
1078 -38.7336 -51.7552
1080 -30.9048 -53.0510
1081 -32.8100 -160.9450
1083 -108.3274 -112.9110
1085 -111.6529 -69.4578
1086 -23.5262 -107.2900
1089 -80.1989 -53.6532
1090 -104.8979 -75.1700
1092 -57.5091 -36.1515
1093 26.2182 -145.4142
1094 -54.5646 -55.8432
1096 -91.0762 -113.4038
1097 -3.6423 -118.6415
1098 -30.7316 -90.6095
1099 -23.0413 -27.5192
1100 21.1607 -97.8547
1101 -6.9678 -93.9675
1102 -47.1168 -81.1560
1103 -18.3301 -159.0470
1104 -28.9995 -55.7338
1105 -16.5288 -117.0902
1106 -123.6041 -75.6810
1107 1.7617 -152.5683
1108 -80.1989 -61.9935
1109 -88.0971 -84.5505
1110 -23.8726 -183.2830
1112 -149.5156 -104.0780
1113 1.8656 -191.7510
1114 -56.3659 -162.9160
1115 -33.3296 -127.4197
1116 -26.6439 -25.0737
1117 11.4265 -112.7650
1118 -9.6352 -155.9263
1119 4.7408 -164.2300
1120 13.7475 -140.1947
1122 -47.3939 -51.4085
1123 -72.4047 -110.8852
1124 -126.0290 -104.5890
1125 -98.3508 -73.9655
1129 -124.7819 -95.2632
1130 3.9787 -169.5225
1131 4.0134 -18.9052
1132 9.5906 -181.8048
1133 -94.7135 -56.8105
1134 -120.4171 -75.5532
1135 -19.0575 -45.1305
1136 -16.7366 -182.8997
1137 -113.5236 -88.4560
1138 -60.2803 -158.1162
1139 -29.1034 -133.4057
1140 -7.4182 -77.3418
1141 17.9044 -109.4617
1143 -5.1665 -118.5320
1144 -87.6121 -100.7930
1145 -57.8555 -163.4452
1146 -112.6922 -113.2030
1147 -31.3205 -148.9183
1148 36.1948 -105.0270
1149 -106.9418 -132.4932
1150 0.8264 -167.2595
1152 30.2020 -125.8320
1153 -26.9903 -116.5245
1154 -24.4962 -171.6212
1155 -85.2219 -87.6165
1157 -17.6719 -100.8477
1159 -35.4427 -28.0120
1162 3.4245 -75.5532
1163 -11.8869 -43.6157
1164 42.5341 -167.8618
1166 41.3217 -171.7490
1167 -137.1141 -115.9587
1168 -34.7499 -108.0565
1170 -19.6464 -144.5565
1171 -68.4556 -57.8142
1172 -93.8475 -58.2705
1175 -40.5696 -151.4732
1176 9.0017 -86.9230
1177 -40.8814 -147.0385
1178 8.4820 -30.9502
1179 12.1540 -146.1260
1180 -54.2874 -74.5677
1181 -104.0319 -81.2108
1182 -40.2578 -105.8482
1183 -44.5187 -103.7312
1184 51.6794 -154.3750
1185 -6.5175 -171.6577
1186 -68.0053 -115.2652
1187 5.0179 -177.7350
1188 41.3217 -148.3160
1189 -141.3749 -90.1532
1190 -74.1021 -58.5077
1191 -16.5980 -29.4720
1192 7.3043 -150.5607
1193 18.8397 -130.3580
1194 1.1382 -124.9742
1195 12.2579 -39.9475
1196 -106.9418 -111.1590
1198 1.8656 -57.5222
1199 -46.3893 -102.3443
1201 -47.9481 -162.1130
1202 42.6381 -171.9498
1204 56.3559 -157.1308
1205 -8.1803 -131.3070
1207 -73.0975 -93.0003
1209 -101.5724 -80.8457
1210 -58.4097 -146.4727
1211 -76.0074 -155.1415
1215 -48.9181 -128.2775
1216 -58.1672 -62.3950
1217 -6.1711 -161.6933
1218 -111.7222 -88.2188
1219 -4.7162 -127.0730
1220 -103.4430 -101.1763
1221 -33.2950 -142.9323
1222 -5.8940 -148.1700
1223 24.5901 -83.2365
1224 -43.7566 -31.8080
1225 28.2621 -160.1968
1226 22.0267 -98.9498
1228 -9.1849 -88.8758
1231 2.4892 -58.9640
1232 -16.0438 -88.2552
1233 -24.0459 -148.3890
1235 -33.0179 -147.1845
1236 -76.0766 -72.9800
1237 1.3806 -142.5672
1238 -49.4031 -102.8005
1239 16.5188 -153.2618
1242 -66.7236 -93.8032
1244 -72.6125 -50.5325
1247 22.5463 -149.4293
1249 30.6869 -154.7582
1250 -35.3042 -64.8040
1251 37.8923 -150.9987
1253 -63.7098 -147.1297
1254 -41.3317 -171.7125
1256 -159.6654 -99.5337
1257 33.0079 -134.9022
1258 -8.2842 -174.1398
1259 -124.7819 -118.8240
1260 29.4052 -139.0633
1261 3.9441 -105.0270
1262 16.1031 -66.7202
1263 -23.1798 -125.0472
1264 37.0955 -164.1752
1266 -128.6270 -107.6368
1267 -4.4044 -143.9907
1268 -112.1033 -79.8785
1270 -78.0512 -127.5110
1271 -19.0922 -156.7657
1272 -38.5951 -38.8525
1274 6.7846 -77.7250
1275 -33.5375 -21.8618
1276 -40.4310 -101.5777
1277 49.3931 -151.2360
1279 -54.8763 -71.7937
1280 -62.1856 -77.4147
1281 -8.3535 -61.0263
1282 -103.1659 -127.7665
1285 0.1682 -18.2848
1286 -116.5027 -84.8060
1287 -57.7862 -39.6373
1289 10.2141 -173.2272
1290 -144.8737 -97.9095
1292 -36.5166 -132.1283
1293 -53.1097 -71.3740
1297 17.0384 -147.8780
1299 -85.7761 -63.4535
1300 -34.6806 -32.7570
1301 -98.4201 -108.7682
1303 -0.4207 -127.3832
1305 -35.3042 -143.9360
1306 -65.8922 -145.6697
1307 18.4933 -108.9507
1308 -78.5015 -138.1325
1309 -11.7829 -128.4235
1310 25.3176 -73.2720
1311 -38.7336 -108.5858
1312 -51.4122 -36.5895
1313 -72.6472 -111.5422
1314 -45.5233 -155.0502
1316 5.8840 -89.0582
1317 -73.5132 -150.1775
1318 -33.0525 -140.8517
1319 -107.0457 -97.0883
1320 -36.4820 -64.1105
1322 -13.8614 -84.4410
1323 0.8264 -38.2685
1324 -28.4799 -87.4340
1326 19.9136 -180.5820
1328 31.6915 -180.3265
1329 -7.2103 -69.1292
1330 9.1402 -57.3762
1331 14.5096 -44.1085
1332 6.7154 -132.6575
1334 -95.4063 -135.6322
1337 -71.9890 -107.6368
1338 -44.3108 -53.4342
1339 -94.8174 -114.0425
1340 -58.4790 -97.2708
1341 -32.4636 -38.3597
1342 16.5534 -148.3890
1343 -82.2427 -137.6945
1345 -104.5862 -76.3380
1346 -17.2216 -125.2297
1347 -88.6167 -89.8430
1348 -153.4993 -105.5745
1349 -40.1539 -107.3082
1350 -86.0879 -145.5968
1351 16.6920 -103.8772
1352 -60.3150 -63.9645
1354 12.6390 -114.3710
1355 -43.4795 -42.9770
1356 -5.0279 -99.3330
1357 -76.9080 -63.2527
1358 -1.8063 -67.6692
1359 -97.3809 -120.8862
1360 -35.8931 -163.7007
1362 9.2441 -161.6203
1367 -23.6302 -116.4880
1370 12.2579 -43.2325
1371 -16.4941 -104.6620
1372 -73.2361 -59.9130
1373 22.9273 -67.8517
1375 3.1127 -58.9822
1376 -95.5102 -68.2350
1377 -109.8516 -65.1508
1379 -15.2817 -58.9093
1380 -121.4563 -79.0755
1381 -129.3891 -122.1820
1383 -101.7803 -130.5952
1384 -80.9264 -48.1235
1385 -156.3398 -99.8805
1386 -156.3745 -93.6207
1389 -34.0571 -99.4973
1390 -89.0324 -81.0465
1391 -79.5061 -105.1913
1392 -98.8011 -57.5770
1393 -32.1865 -161.2188
1395 -122.5995 -85.8098
1396 -96.6534 -137.4208
1397 -65.8575 -78.2177
1400 54.2774 -153.8822
1401 -78.2244 -71.1915
1402 -57.1626 -100.5557
1405 -1.3214 -27.0082
1406 -82.7277 -150.9257
1407 -126.2714 -76.3197
1408 2.6970 -65.3698
1409 -22.0367 -31.2605
1410 -31.0087 -123.3135
1411 47.6264 -152.6960
1412 -14.0346 -178.0817
1414 -33.5028 -151.6010
1416 -142.1024 -113.4585
1418 -84.4944 -93.3287
1419 -15.9052 -53.4707
1420 41.9453 -121.1235
1422 -57.9248 -51.1530
1424 -66.2040 -102.4720
1426 19.8789 -185.6007
1427 -72.3700 -109.0237
1429 3.8748 -123.2405
1430 -123.2923 -120.1015
1431 -79.1250 -96.5590
1432 30.4444 -140.4320
1436 -113.2811 -81.8677
1437 -21.4131 -166.3835
1439 39.9707 -150.9987
1440 -83.5591 -106.0672
1442 -121.0407 -99.2965
1445 -71.9197 -61.7928
1446 -53.4214 -160.7807
1447 26.5993 -170.7635
1448 -12.4758 -116.9077
1450 -87.2310 -96.7232
1451 -16.0091 -177.3152
1453 -41.1585 -166.5295
1454 -1.4946 -170.6540
1455 -51.5854 -59.5297
1456 50.1898 -160.9815
1457 8.6206 -156.1270
1460 -105.5561 -128.8797
1461 -127.3800 -107.3447
1462 -43.6180 -153.2618
1463 6.6461 -174.0667
1464 10.1795 -133.5518
1468 -14.0692 -145.0127
1469 -154.4692 -102.9100
1470 0.7225 -164.6497
1471 -101.7110 -138.7530
1472 -0.1436 -157.6782
1473 -72.1276 -93.3652
1474 3.2859 -53.2700
1475 -36.3088 -110.1735
1476 -56.1234 -99.9353
1477 -17.3255 -24.9095
1478 -158.1065 -100.9572
1480 -43.3062 -30.2385
1482 13.2279 -40.1848
1483 50.5362 -170.5992
1484 -107.1150 -133.4422
1485 -32.8447 -154.9225
1487 13.1586 -153.7728
1488 10.6991 -184.7977
1490 -19.9236 -76.0095
1492 -85.6029 -118.5502
1493 -12.4411 -121.2695
1495 -113.3157 -85.7733
1496 -4.8894 -43.5428
1497 -28.7224 -144.8668
1498 -53.8718 -99.8257
1499 -27.9603 -155.8532
1500 -22.8681 -176.3115
1502 -45.8697 -60.9897
1503 -2.8456 -128.4417
1504 28.8510 -96.1028
1505 -125.4054 -90.8285
1506 -112.7961 -104.4978
1507 35.3981 -153.5720
1510 -63.3634 -159.3937
1511 -2.9148 -161.8392
1512 -165.6583 -100.8112
1513 -99.3554 -62.3220
1516 20.5718 -134.1722
1517 3.8055 -58.0332
1518 23.2391 -167.6428
1519 -77.5662 -94.6793
1520 -129.7702 -79.0208
1521 -100.8103 -109.5713
1523 -92.2193 -123.8427
1524 -53.2829 -154.8312
1525 -59.4490 -72.7793
1526 -0.0396 -152.0938
1527 -32.3943 -154.9225
1528 -90.2794 -88.6385
1529 6.7846 -106.8703
1530 -69.6681 -109.7720
1533 -12.0254 -145.5968
1534 -26.0204 -120.3205
1535 -142.5181 -105.0452
1536 -130.6709 -94.0040
1537 -44.3455 -104.1510
1539 -106.3529 -92.4527
1541 42.1877 -139.1727
1542 -130.9480 -88.7662
1543 -72.6818 -107.1258
1544 -64.1601 -96.4495
1545 -104.7594 -114.4257
1547 -14.2771 -48.8900
1548 -105.1751 -94.2595
1550 -7.9378 -34.8192
1552 -14.1039 -81.4663
1553 -152.2868 -96.9422
1555 -79.6793 -69.9870
1556 10.1102 -62.2855
1558 -78.2937 -80.2982
1559 -35.9624 -126.2882
1560 24.9019 -174.4135
1561 -15.6974 -149.6300
1562 -30.7316 -95.6465
1565 -109.7477 -63.9827
1566 -33.2257 -107.8923
1567 -21.6210 -185.9475
1568 -125.8904 -93.0732
1569 -10.9169 -149.4293
1570 -89.0324 -135.7053
1571 -40.1539 -46.4080
1572 -85.4643 -97.4532
1573 -55.7770 -39.4912
1574 -104.9326 -115.8492
1575 22.1306 -172.3147
1576 -20.9282 -152.9515
1577 2.6970 -144.9215
1578 22.9273 -63.8732
1579 -93.9860 -124.9560
1580 -96.0299 -66.6290
1581 -101.2606 -115.6850
1582 -79.8871 -145.1040
1584 -1.5292 -159.5580
1585 -64.6105 -51.3537
1586 -16.3902 -24.9825
1587 13.4703 -132.2377
1588 -114.9438 -75.4620
1589 21.9920 -98.6030
1590 -66.6543 -55.3870
1591 -26.9903 -33.9068
1592 4.4290 -156.3460
1593 7.4428 -134.1540
1594 -157.2751 -98.9680
1595 -66.5850 -52.6495
1596 -82.4159 -126.5072
1597 -35.4774 -97.2890
1598 23.0313 -127.4562
1599 -19.7504 -134.7015
1600 -52.6940 -73.3268
1601 -70.0491 -134.2818
1602 -128.0381 -95.0077
1604 31.9686 -106.2315
1605 -87.0578 -81.7582
1606 -88.1663 -112.8745
1607 -105.3483 -135.5592
1609 30.7216 -98.3840
1610 -43.4795 -103.7130
1613 3.8402 -68.2168
1614 -14.1732 -169.4860
1615 0.4107 -185.6738
1616 30.8601 -168.2632
1619 1.1728 -85.8827
1620 -8.6306 -134.8840
1621 -100.6717 -93.2740
1622 12.6043 -168.0990
1623 -93.7089 -127.5658
1624 -16.1131 -104.0233
1625 -10.6398 -134.9022
1626 47.7649 -157.4775
1627 -68.9406 -110.2648
1628 -39.2879 -96.5955
1629 17.5580 -174.6690
1630 -156.2013 -103.6035
1631 -61.5967 -94.5880
1633 -12.3372 -76.1007
1634 -63.0863 -37.9583
1635 -37.3826 -165.3067
1638 1.2421 -121.7623
1639 -79.1250 -86.7952
1640 27.8810 -154.5392
1643 -25.5701 -100.5740
1644 -90.1755 -69.3665
1645 -98.0737 -99.6798
1646 -65.9961 -114.5718
1647 -20.8935 -109.7538
1648 -47.7403 -143.0782
1650 -56.4352 -158.0980
1651 -121.2485 -75.5532
1652 -5.9633 -25.6030
1654 -5.1665 -155.3422
1655 -31.6669 -49.6200
1656 -101.7456 -128.1680
1657 -52.5554 -108.1113
1658 24.3476 -166.2558
1661 -7.0025 -25.5118
1662 -18.5033 -95.5005
1663 54.3121 -154.9408
1664 -122.7034 -127.6570
1665 -62.0124 -126.0510
1666 -94.1246 -68.8007
1668 -30.3505 -158.5907
1669 21.0221 -99.8075
1670 -148.6495 -88.0362
1671 17.4194 -96.1393
1672 -36.5513 -60.9897
1673 -104.4130 -118.9518
1674 1.1728 -39.4730
1675 -81.2728 -127.0548
1677 -54.6339 -90.2993
1678 -143.6612 -110.2100
1679 13.4703 -64.5485
1681 7.0618 -193.5030
1682 -100.8103 -91.5950
1683 -80.7532 -63.5630
1685 -101.0528 -64.0740
1687 -115.1863 -124.9378
1688 56.9102 -166.7850
1689 -54.5299 -153.1157
1690 -88.4781 -131.4712
1691 -116.2602 -108.2937
1693 -56.7816 -121.8353
1695 -65.5111 -77.4695
1696 7.9971 -90.1897
1697 -66.7928 -46.5175
1698 -85.0833 -109.0237
1699 12.7775 -155.1050
1700 -79.9564 -91.3942
1701 -68.3517 -129.4638
1702 -60.1764 -93.1280
1704 -59.8300 -123.2770
1705 8.0664 -154.1925
1706 32.4536 -119.0977
1707 -41.2278 -80.3530
1710 -40.2232 -59.1830
1712 -118.5811 -74.1662
1714 34.6014 -111.1590
1716 -33.4682 -100.6653
1717 -88.7552 -84.0030
1718 -55.6731 -34.0710
1719 -111.1680 -88.0545
1720 -4.8894 -158.9557
1721 -33.4336 -175.1982
1722 11.7037 -144.7390
1723 19.3940 -65.0960
1725 -39.2879 -57.8325
1726 -108.1888 -108.7682
1727 -86.3304 -121.3425
1728 -102.9581 -63.4900
1730 -8.9077 -67.5233
1732 -8.7345 -58.3983
1734 25.2829 -182.0420
1735 -3.2613 -139.9757
1738 -118.0269 -122.9668
1739 20.8142 -94.1317
1741 -139.9200 -83.8388
1742 -132.2643 -102.1617
1743 -36.7591 -176.2385
1744 -27.0250 -47.8133
1746 14.8213 -117.2545
1747 15.1331 -137.9500
1748 -36.4473 -95.9932
1749 5.2258 -149.4475
1750 -95.2677 -122.6565
1751 -43.4102 -156.3095
1752 17.5926 -144.9762
1753 -99.1129 -137.5667
1755 44.1276 -148.6628
1756 -6.3443 -44.3640
1758 13.6436 -129.1900
1760 -8.9770 -107.1258
1761 -38.8376 -30.9137
1762 -5.7554 -158.3900
1766 -12.7182 -21.8618
1767 -167.3210 -101.9245
1768 -60.2457 -91.7593
1771 -17.8451 -80.9187
1772 -135.2088 -91.6315
1774 -91.5265 -134.9935
1775 -92.0808 -92.5258
1776 13.4703 -133.5335
1778 45.4786 -163.8650
1779 -48.2253 -108.6223
1781 -83.8362 -100.4463
1784 -66.4464 -41.8090
1785 -11.5751 -46.6635
1786 -60.5228 -108.0748
1787 -119.6550 -92.0513
1788 -120.3478 -104.9905
1789 12.1193 -113.9695
1790 -47.4285 -138.2055
1792 -34.4382 -135.4680
1793 -48.1213 -150.1228
1794 -11.5751 -135.9425
1795 -96.2377 -85.9923
1797 7.7546 -120.3022
1799 -128.1074 -85.4630
1800 -72.5433 -153.1887
1802 -136.7677 -101.1945
1803 -88.6860 -128.2410
1804 -97.4848 -75.9548
1806 49.4277 -166.0732
1807 -3.7462 -88.4742
1808 11.3226 -86.1200
1809 13.0547 -135.5775
1810 -8.8038 -185.0715
1811 -70.0491 -77.7250
1812 -22.6602 -93.2922
1813 -21.6210 -155.7072
1815 -17.3948 -102.7822
1817 53.9657 -154.1377
1818 -47.4978 -86.6127
1819 15.9991 -161.2188
1820 -46.3893 -172.2600
1822 -63.0863 -92.2703
1826 -131.5715 -122.8207
1827 43.4348 -160.0143
1828 -69.8066 -87.0507
1829 -6.6907 -125.1203
1832 -83.8362 -135.1212
1833 -54.1835 -102.6910
1834 41.7720 -115.3565
1835 27.7078 -91.6315
1836 23.4816 -175.3260
1840 -47.4978 -126.7810
1842 -65.6497 -159.0288
1844 -90.9030 -143.8630
1846 -73.4093 -90.4817
1847 -117.8883 -74.8597
1848 -94.0553 -128.0403
1849 -40.5003 -170.8912
1850 47.1068 -159.7588
1851 20.1561 -64.1288
1852 -62.5666 -153.7545
1853 -147.3678 -88.5107
1854 -93.7782 -111.0677
1855 -37.4519 -118.5867
1856 -154.7117 -102.0705
1857 -109.9209 -110.4472
1858 -19.8197 -50.2040
1859 -38.9415 -116.1412
1860 -7.1064 -119.0430
1861 -4.1619 -164.1387
1862 1.0342 -112.6007
1863 -116.8491 -98.2745
1864 3.4591 -166.4748
1865 -53.4214 -147.6042
1866 -49.8534 -114.4805
1867 -31.8401 -33.8885
1869 -24.4615 -133.7708
1870 -12.1640 -192.1525
1871 -88.9284 -146.9290
1874 -51.8279 -165.5805
1875 11.4958 -132.0005
1876 -85.5336 -68.2350
1877 -20.8935 -182.0420
1878 0.2028 -180.6915
1879 16.1723 -153.7545
1880 -34.2996 -142.0745
1881 -149.4809 -93.8580
1882 30.9641 -135.2490
1884 -22.8681 -20.5660
1885 15.5488 -148.8452
1887 13.3664 -110.0822
1888 35.8831 -106.8520
1889 -33.0525 -105.3190
1890 -131.8833 -118.9518
1892 -99.9789 -95.9385
1893 3.7362 -165.0695
1895 26.2529 -98.5665
1896 -64.2641 -149.7942
1897 -38.2487 -174.0850
1898 0.7225 -86.1382
1899 -64.9915 -149.3380
1900 24.5208 -173.1908
1901 -118.3387 -101.9427
1903 -13.2725 -154.5027
1904 7.3389 -137.1288
1905 -21.6903 -92.9272
1906 -47.2207 -122.2550
1907 -163.2334 -99.6798
1908 -105.7293 -137.1288
1910 -53.0750 -158.4265
1911 44.2662 -123.7697
1913 -149.7234 -102.1800
1914 -92.1847 -103.9685
1916 10.4566 -174.9610
1917 -84.4944 -53.1970
1918 -11.7137 -86.3207
1919 8.7592 -118.6415
1920 33.8393 -175.9465
1921 -37.7290 -150.5973
1922 11.6690 -117.3640
1923 -22.8681 -33.9980
1926 46.1022 -131.6355
1927 -96.2377 -119.8095
1929 -29.2766 -88.7297
1930 -79.1943 -113.3673
1931 24.4515 -150.7067
1937 -18.5379 -25.6212
1939 -53.8025 -63.1615
1940 -140.3703 -83.4920
1941 -15.9399 -79.0208
1944 -20.4432 -184.6152
1945 -20.0621 -104.8262
1946 -143.5919 -95.2267
1947 -3.4345 -33.7242
1948 11.3226 -156.9847
1949 -59.1372 -54.3285
1950 -31.4937 -19.3797
1951 27.9849 -93.2558
1953 -103.8934 -89.0400
1954 -4.3698 -135.6870
1955 -96.3070 -82.2510
1957 12.0154 -35.2937
1958 -77.6701 -114.8820
1959 -49.9573 -67.8517
1960 -16.6327 -104.6802
1961 -101.0874 -77.0315
1962 -10.5012 -75.1700
1964 -61.9777 -42.0463
1966 17.3501 -156.5467
1969 16.4841 -161.4013
1970 55.9056 -165.1242
1971 -43.6180 -138.3150
1972 17.8351 -152.9332
1975 -86.9193 -143.4250
1976 -46.7011 -68.1437
1978 -10.8476 -68.1985
1979 -148.5456 -88.4013
1980 -103.9280 -64.3843
1981 -47.5671 -105.1365
1982 -42.6827 -45.4955
1983 -106.0065 -108.3850
1984 20.3639 -125.9050
1985 2.3159 -121.5433
1986 -122.2877 -117.0355
1987 -106.5261 -89.4232
1989 -21.3785 -80.9918
1990 -40.7082 -58.3435
1991 2.2813 -128.5513
1992 17.0037 -77.1957
1996 -25.4661 -67.2860
1997 10.0409 -125.7955
1998 -100.7410 -94.1500
1999 -67.7282 -88.6568
2000 28.9895 -106.9250
2002 -106.9764 -110.9035
2003 10.3527 -40.9877
2004 -66.6543 -119.4263
2005 12.2926 -128.7520
2007 -134.6199 -78.1812
2008 -14.5196 -153.6632
2009 -82.3120 -100.8660
2010 -98.8358 -67.9795
2011 -84.4251 -100.1908
2012 -7.1410 -142.3117
2013 33.0772 -127.1460
2014 -59.5529 -102.7457
2015 -42.2324 -116.3420
2016 -120.5903 -117.5465
2017 36.2641 -152.7873
2019 -57.0934 -78.2177
2021 32.5229 -178.7388
2023 -31.7362 -172.0410
2024 -75.5917 -53.5437
2026 3.3205 -28.7420
2027 20.9182 -179.9068
2028 -10.1548 -146.5093
2029 -109.4359 -99.7527
2030 -158.2797 -102.7275
2031 -95.5449 -99.0410
2032 -101.3646 -106.1585
2033 -157.1712 -103.9502
2036 -111.1333 -81.0282
2041 -70.9498 -44.2910
2042 25.3176 -107.0527
2043 -74.4831 -153.9553
2044 3.8748 -177.2970
2047 -159.9771 -106.0672
2048 0.3068 -71.6842
2049 46.9682 -164.3942
2051 -56.7816 -101.6690
2052 -77.2544 -73.6187
2053 26.5993 -158.9010
2054 -114.4589 -66.4465
2055 -159.0072 -103.7312
2056 -59.0333 -122.2185
2057 -116.1216 -68.3080
2058 -83.3166 -68.2897
2059 -58.9293 -63.2163
2060 -47.8442 -90.4635
2062 -5.8940 -140.1035
2064 22.1306 -109.9545
2065 -99.3207 -93.1280
2067 -99.2861 -101.4865
2068 -20.9628 -175.2530
2069 -103.5816 -67.5233
2070 -69.4602 -99.9353
2072 -39.8421 -127.5475
2073 -3.2959 -125.3027
2074 -116.3641 -107.7280
2075 -161.3974 -102.1253
2076 -65.6151 -72.8887
2079 -86.3304 -86.2843
2080 7.9278 -76.6483
2081 17.6273 -189.2873
2084 -64.4026 -141.6000
2085 -88.8592 -117.2180
2086 -1.3906 -156.8753
2087 23.8626 -137.6032
2089 -19.8197 -45.8240
2091 24.9365 -174.0850
2092 -18.6419 -78.5097
2093 46.4139 -139.9575
2094 -22.7988 -165.5987
2095 38.8622 -107.5272
2097 -0.0050 -178.2825
2098 26.7725 -96.2487
2100 -54.8071 -145.8887
2101 -169.8498 -99.1505
2102 -5.2704 -121.4702
2105 -106.5954 -63.9280
2106 11.0108 -36.2610
2107 -40.0500 -32.1000
2108 14.8906 -44.4005
2109 -29.2766 -137.8770
2110 -63.3980 -57.5952
2111 -5.9286 -120.9957
2114 31.3797 -150.8710
2115 -134.7238 -120.7950
2117 -67.6935 -140.4685
2118 36.8530 -145.5420
2120 -47.2900 -51.4268
2122 -57.4051 -77.8710
2123 -58.1326 -78.8383
2124 -29.7963 -91.7958
2125 -78.9172 -64.2930
2126 -29.3113 -159.2295
2127 -43.0984 -31.2970
2128 -60.0725 -69.7315
2129 -146.9521 -102.1982
2130 -60.2457 -144.8668
2131 54.6585 -159.1200
2132 -14.8313 -191.2400
2133 -152.7372 -103.3115
2134 -103.2005 -90.6642
2135 -2.6031 -60.9167
2136 -79.9218 -117.6925
2137 58.8154 -164.4672
2138 -64.6105 -66.1910
2139 24.8672 -102.1617
2140 -37.2787 -166.1645
2141 -44.8997 -87.4340
2143 -34.9231 -21.4785
2144 -99.0090 -128.0038
2145 -101.0528 -132.3838
2146 -132.1258 -79.8237
2147 4.4290 -83.2730
2148 -61.5967 -151.9477
2149 27.2921 -101.8515
2151 -109.8516 -115.0280
2152 -93.6396 -134.7745
2154 -41.3664 -96.6867
2155 -46.3547 -124.7005
2156 1.8310 -110.6845
2157 -19.1268 -64.9317
2158 37.0955 -156.2182
2159 -28.9995 -149.0095
2160 -24.9119 -94.1135
2163 -60.1764 -123.7515
2164 -17.0484 -164.2300
2165 1.2767 -23.1028
2166 -134.7931 -118.4590
2167 42.9498 -155.6160
2168 -96.4802 -72.4142
2170 -31.0780 -101.2492
2171 -114.6667 -105.7205
2173 -90.0716 -143.0600
2174 34.6014 -130.6317
2176 53.6886 -159.7223
2177 -38.9068 -156.4920
2178 -44.6572 -91.2482
2180 -115.2210 -122.9485
2181 -105.5561 -97.2525
2183 -2.3606 -27.3002
2184 -66.4118 -141.3992
2185 -61.3542 -119.6453
2186 -18.3647 -24.4715
2187 54.8317 -162.7152
2188 -112.6229 -131.7815
2189 -36.0663 -137.2930
2190 17.4194 -79.9332
2191 -8.1110 -51.2078
2192 8.6206 -65.0047
2193 -29.1381 -25.6395
2194 -62.6706 -104.5343
2195 -117.6805 -89.4780
2196 22.7195 -107.3265
2199 -90.7644 -86.2478
2200 -78.5708 -149.8855
2201 -17.1869 -24.5445
2206 -102.5424 -62.3220
2207 41.8760 -133.2597
2208 38.2040 -169.8328
2209 -23.6994 -23.2487
2215 43.4348 -135.5410
2218 -68.1092 -40.0387
2219 2.0735 -87.6713
2221 12.4311 -105.2825
2222 -23.3530 -178.9578
2223 -27.2328 -183.5567
2225 -105.3483 -116.5975
2226 -139.8507 -112.3270
2229 -2.2220 -193.6672
2230 40.7675 -175.3260
2233 -132.7493 -98.0190
2234 32.5922 -152.7142
2235 -26.0204 -162.5327
2236 -24.6348 -76.3380
2237 15.5142 -186.4585
2238 24.5555 -178.1182
2240 -4.1619 -59.7122
2241 -2.3606 -189.4697
2243 -65.1647 -116.7982
2244 20.9528 -132.1647
2246 -70.0837 -52.8320
2248 -92.3925 -61.7563
2249 -8.4920 -190.7655
2250 16.7266 -47.3205
2252 -2.0142 -191.7510
2254 -78.5708 -126.0510
2255 -11.2287 -183.2100
2256 -95.1985 -65.4975
2258 -85.3258 -70.4250
2260 -18.3994 -176.1837
2262 -102.7502 -111.5970
2264 6.1957 -80.5537
2265 -5.4090 -82.0685
2267 8.9670 -102.9465
2268 -8.9424 -59.7852
2269 -17.2909 -145.5785
2270 2.6624 -76.8125
2272 -45.4194 -157.7878
2273 -24.0459 -97.6540
2274 7.3043 -122.6382
2275 -71.4001 -97.0335
2276 -52.1051 -94.1683
2277 -56.1927 -150.6885
2279 -58.3404 -63.1250
2280 -58.4790 -59.0552
2281 30.1327 -139.1910
2282 -164.5844 -99.6432
2283 -90.3487 -52.5765
2284 44.1969 -150.2687
2285 -92.5311 -78.0170
2287 -11.4712 -22.0807
2288 -121.2139 -124.4085
2289 -25.8818 -105.6840
2290 -0.6285 -123.0762
2291 -54.1489 -151.5463
2292 -63.2941 -123.5872
2293 -89.9677 -136.2345
2295 -10.3627 -105.4285
2296 40.4903 -122.6565
2298 -71.4347 -57.5770
2299 -14.1385 -35.1660
2300 -138.6729 -110.4655
2301 8.2396 -172.2600
2302 -90.9376 -130.4675
2305 -65.2340 -134.4642
2307 -4.9587 -138.2055
2308 -39.5650 -23.7963
2310 -44.8651 -105.5745
2311 -86.2957 -77.3965
2313 -58.6869 -43.7070
2314 -67.9706 -142.2023
2315 -49.2299 -168.5735
2316 -98.3162 -119.7912
2322 -92.4272 -85.2257
2323 14.6828 -46.7182
2324 2.8702 -28.9427
2325 -140.6128 -107.4178
2326 -68.2478 -52.6678
2327 39.4511 -146.1625
2328 38.6544 -176.6400
2331 -3.4691 -164.3577
2333 -97.3116 -78.6375
2334 -60.1418 -84.1308
2335 -22.4870 -150.6338
2336 -7.9724 -111.4328
2337 -74.5871 -109.1697
2338 16.0684 -145.0675
2341 -43.8951 -41.5352
2342 45.6172 -160.9268
2343 -89.4134 -118.6598
2344 -80.5107 -94.5150
2345 -24.9119 -123.3865
2346 9.0709 -133.6795
2348 45.3401 -157.0943
2349 0.4107 -161.2188
2351 -2.6377 -164.7045
2354 -76.6309 -51.9378
2355 -12.9261 -62.3767
2356 -5.3744 -111.5787
2357 -41.6088 -173.6470
2358 -81.4806 -104.0780
2360 -40.6735 -63.7455
2362 -102.2306 -63.0702
2363 -6.2750 -192.1525
2364 34.2896 -171.0373
2365 -117.8190 -95.2997
2366 34.3589 -154.7765
2367 10.0062 -182.7172
2368 13.6436 -174.7237
2369 16.0338 -120.1380
2370 46.3793 -160.0325
2371 -41.0199 -38.0312
2373 23.5509 -183.4107
2375 46.4486 -166.1097
2376 -86.2264 -136.4900
2377 -18.6765 -127.2555
2378 -35.5467 -65.4427
2379 -14.1732 -114.4075
2380 -110.1287 -132.7852
2381 -129.1813 -111.7612
2382 -94.4364 -87.9085
2384 -133.1304 -99.4060
2385 -89.2402 -120.9045
2386 30.2366 -122.2733
2387 -28.4453 -158.8462
2388 -19.4040 -84.9702
2390 -11.4712 -186.2942
2391 -146.6057 -107.0527
2392 -41.1585 -121.9265
2393 -24.9465 -129.1352
2394 -41.4010 -172.0410
2395 45.5133 -162.0400
2396 -92.6697 -94.4055
2397 -58.0980 -90.5548
2398 -148.4417 -106.7972
2399 4.8447 -123.2770
2402 33.5621 -177.0780
2403 -17.1523 -106.2315
2404 -11.1248 -38.9620
2405 -95.1638 -62.3402
2407 -85.2219 -118.1305
2408 -131.8833 -87.7625
2410 -22.6949 -36.4617
2411 7.0271 -65.1143
2412 -105.1058 -127.9672
2413 -36.4127 -92.6535
2415 -67.1046 -137.7857
2416 -50.3384 -100.5010
2417 -43.5834 -30.2202
2418 -78.2590 -72.7610
2420 11.5305 -176.7495
2422 19.8097 -154.5210
2423 -32.0826 -62.8512
2424 -4.5083 -53.2700
2425 -112.7268 -107.1623
2426 -78.1897 -76.6665
2427 9.7291 -110.4107
2428 -41.7474 -155.6160
2429 -33.3643 -52.9415
2430 -127.6224 -89.0217
2431 27.7424 -160.7625
2432 -30.4891 -179.5965
2433 -119.7589 -71.3558
2434 -3.1227 -103.4757
2435 8.9670 -136.1798
2437 -36.9323 -151.8930
2438 -101.7803 -130.4310
2439 -0.7671 -96.0845
2440 -36.7591 -106.3958
2442 -47.9135 -42.8310
2443 -31.4244 -126.3613
2444 -25.5354 -110.0640
2445 -109.7823 -91.2665
2446 -29.9348 -78.4550
2447 -14.6235 -159.5580
2449 -54.7378 -95.8655
2450 40.6982 -138.6800
2451 -73.7557 -47.4300
2453 -45.4540 -154.9590
2454 -95.7874 -137.2018
2456 -4.9587 -147.6042
2457 -148.4763 -98.6030
2459 -10.8130 -122.2733
2460 15.4449 -48.9812
2462 -29.3459 -79.6412
2463 -1.3906 -187.4075
2464 -89.9330 -130.3580
2465 -104.0666 -80.9005
2466 54.8663 -165.3615
2467 -92.2193 -97.7087
2468 -53.9757 -58.9457
2470 -16.4248 -32.6110
2471 43.6773 -152.4770
2472 -102.9234 -60.2232
2473 -26.7825 -154.2655
2474 2.4545 -48.6162
2475 -93.7782 -107.2535
2476 -0.8710 -196.9888
2477 -91.3880 -89.6970
2478 -36.8284 -49.0725
2479 7.8585 -83.8388
2480 43.9198 -158.9740
2481 11.9115 -152.2763
2482 -20.6510 -163.7372
2483 17.9044 -178.3372
2485 -30.6623 -134.2453
2486 24.0359 -181.3485
2487 -34.5767 -151.3820
2488 -106.4222 -74.1480
2489 -38.0755 -51.9560
2491 -11.0901 -166.6755
2492 -54.8417 -167.5150
2493 -122.3570 -113.0205
2495 22.1652 -119.8277
2496 -85.5683 -76.5205
2498 -106.3875 -65.8078
2499 -73.1322 -82.9627
2501 17.6619 -70.5892
2502 -103.7894 -110.1735
2503 -88.2356 -137.2382
2505 -100.7064 -124.3720
2506 -80.1296 -68.8737
2507 -150.5201 -97.8365
2509 -30.7662 -132.1100
2510 -89.5866 -137.8953
2513 -19.7157 -68.1802
2514 5.6761 -60.5883
2515 -9.8084 -88.6933
2516 -9.0463 -180.2352
2517 -52.7632 -124.1165
2519 -117.4380 -98.4387
2522 -123.7080 -100.1177
2523 -5.5822 -126.5437
2524 27.1882 -85.7733
2525 9.9716 -118.4772
2528 -137.3566 -114.7907
2529 -17.1869 -98.0737
2531 -91.4572 -112.4183
2533 2.1081 -90.1715
2534 -148.7535 -110.1005
2535 -83.0395 -91.2848
2536 -33.4682 -35.4032
2537 -23.9419 -141.0160
2538 -34.9231 -149.2650
2539 23.4123 -73.7100
2540 20.9874 -178.9030
2541 -92.8775 -138.5705
2542 17.8351 -156.1270
2544 -55.7077 -90.4635
2545 20.1214 -142.4213
2546 -87.2657 -79.8785
2547 -117.8190 -88.7480
2548 -90.7298 -113.5497
2549 -91.4919 -56.7193
2550 55.3860 -164.1205
2552 43.8159 -133.9715
2553 31.8647 -174.4682
2555 -36.0316 -152.9332
2556 26.0450 -154.1925
2559 -47.7403 -166.1097
2560 -102.4731 -90.1350
2561 -70.7419 -102.9282
2562 -34.2996 -78.3820
2565 -31.2858 -121.1965
2568 1.6578 -52.4305
2570 -18.0530 -40.0205
2571 -98.3508 -68.5270
2572 -108.5699 -70.8813
2573 -16.2170 -92.7812
2574 25.8372 -163.3905
2576 -105.7986 -79.6230
2578 -26.2975 -44.2363
2579 -134.9663 -114.0060
2580 -129.1120 -121.5250
2582 -77.2891 -83.2912
2585 -48.4331 -88.4560
2591 -76.7002 -90.0803
2595 -79.4022 -97.8365
2598 -27.0943 -48.4885
2605 -48.6756 -120.9410
2613 -85.8454 -122.4010
2614 -71.1576 -130.0477
2615 -86.5036 -88.1458
2619 -63.8484 -68.5270
2620 -18.0876 -40.6228
2627 -96.3070 -89.4780
2631 -93.4318 -72.2135
2632 -55.3267 -75.2430
2633 -66.5157 -66.3735
2634 -102.7156 -83.6198
2641 -51.5508 -90.2810
2645 -36.9669 -72.1952
2646 -100.9489 -59.8400
2647 -48.9181 -102.4537
2648 -78.1897 -124.0617
2649 -89.1709 -122.0178
2650 -24.2883 -25.7490
2653 -126.3061 -75.8087
2655 -78.2937 -115.9405
2657 -144.5965 -116.3785
2658 -106.9764 -131.1793
2664 -13.2379 -29.5085
2666 -93.8475 -99.0045
2667 -116.9530 -75.3890
2673 -66.3772 -78.9842
2674 -105.1058 -67.9978
2680 -129.8741 -110.4107
2681 -145.9129 -98.8585
2685 -116.9530 -129.3177
2695 -93.2239 -105.5197
2698 -75.2799 -95.3910
2701 -98.9051 -140.4685
2702 -106.4222 -132.3107
