2 32.0766 149.2400
8 145.0204 -55.0300
20 51.8214 -13.0000
62 139.1662 70.3700
71 30.7084 33.5600
82 117.0139 63.0800
95 139.1142 -52.1500
96 167.1207 -62.8300
103 79.1004 -39.4000
106 63.4605 70.5200
107 81.9409 127.1600
110 151.7405 -66.8200
154 17.0948 74.6300
169 45.5343 172.1900
186 39.5069 149.5100
209 16.4194 180.5300
226 101.2700 96.5000
227 36.4932 109.4600
228 85.3183 74.0900
244 112.2856 -24.4600
255 101.5298 81.8900
261 47.0931 6.3800
273 56.2727 -19.1500
281 94.6538 -33.6700
321 35.2982 8.3000
335 147.3586 -50.3800
350 150.3722 92.8700
373 11.4312 58.1900
376 86.1670 5.2700
391 142.4743 108.2300
399 130.1078 -20.3800
400 147.4452 -37.4200
417 144.8298 94.1600
424 71.4623 -14.5300
432 111.2290 11.7500
437 26.8460 39.7700
453 117.9838 33.1400
464 57.4678 35.3600
482 127.8389 83.7200
484 19.3638 158.8400
485 131.8918 59.9000
486 100.9583 90.1100
527 146.5792 -50.6500
536 103.5390 42.5900
546 159.6558 45.2000
553 103.5043 -27.1300
560 127.1808 46.3700
571 117.2218 -22.9900
585 3.2388 73.3400
591 89.6483 100.1000
592 160.1061 -84.3400
625 9.4394 150.5300
640 23.4166 185.4800
647 25.0794 30.1700
666 122.4870 111.7700
672 18.3765 173.0300
673 29.9290 131.7500
676 157.6640 -51.8500
682 66.6820 147.8900
707 58.4723 153.4100
714 91.2764 145.9700
727 13.7348 171.5900
732 140.2574 -47.8000
737 79.9838 131.3300
763 65.4003 68.5700
776 166.0815 10.4900
782 163.4488 88.4600
784 87.6046 -35.2000
796 152.4160 49.0100
802 76.5371 35.9600
827 143.1325 -46.2700
839 18.2206 149.0600
845 36.5452 55.7300
865 105.9291 31.4300
869 113.7924 91.1300
883 149.0559 48.3200
886 98.1524 71.7500
892 5.7676 168.9500
906 138.2829 44.9900
915 140.1015 -66.7900
916 123.6994 57.2300
917 46.4522 118.8800
919 53.8825 143.6300
920 166.2027 -69.3700
923 143.6521 3.9500
942 122.2272 -41.6800
963 105.7040 134.7200
970 122.6949 -66.0700
974 22.8104 102.9500
979 56.5325 120.9200
985 15.0164 59.2400
999 32.1113 102.7400
1013 46.5042 120.3200
1024 108.6657 -41.5600
1051 119.9930 -5.5600
1062 21.8752 154.2500
1066 121.0322 42.9200
1075 150.4069 106.5200
1100 68.6911 90.5000
1112 16.0556 41.5100
1136 53.1897 166.6100
1140 46.2271 58.1300
1150 28.7166 180.4400
1151 163.9684 76.7600
1169 5.2826 121.1900
1170 94.3420 118.0700
1173 3.7584 155.3900
1184 129.9693 110.7200
1196 153.9228 -51.9400
1205 16.9909 70.7600
1206 50.9035 141.9500
1226 18.9827 60.3200
1240 15.8824 175.4300
1258 43.5078 129.8000
1259 147.4625 -54.6100
1261 74.3374 32.5400
1270 68.3274 -32.9800
1272 10.3574 125.7200
1282 80.0184 133.2500
1283 147.7396 55.4000
1286 135.1653 -32.8900
1290 42.0530 43.9100
1304 76.7796 143.6000
1317 104.0759 36.7700
1322 27.9718 109.5500
1326 100.8024 -49.7200
1331 132.5500 20.6000
1334 120.9629 119.6300
1372 107.9209 120.6500
1379 30.8816 139.7900
1395 29.5306 48.7400
1419 112.6493 88.9100
1420 39.6455 174.2000
1441 57.7449 21.1400
1444 148.1899 -81.3400
1446 154.9794 12.9500
1454 92.1944 46.5500
1466 104.2664 12.1700
1468 29.9116 99.7400
1540 165.3367 -69.3400
1549 170.8272 -44.1700
1553 35.6619 105.8600
1574 151.8964 -82.1200
1579 27.1404 100.8800
1580 39.5416 13.5800
1584 28.2662 -1.8700
1586 164.6959 87.3800
1594 122.3312 -11.2900
1609 147.5491 -9.2200
1615 46.2964 9.2900
1625 43.3000 39.0800
1638 63.3566 159.0500
1642 31.8861 147.9200
1647 64.7075 33.2600
1653 169.6148 -57.1600
1683 122.1580 19.8500
1710 82.5991 -44.6800
1724 52.3064 141.3800
1728 162.9466 54.5600
1735 55.7011 -18.4300
1737 44.7029 74.7800
1741 23.2088 175.3100
1746 92.1597 108.0800
1757 144.6566 56.0300
1768 44.5297 153.7100
1779 97.5809 140.5700
1781 156.8672 -39.2200
1784 136.4470 -29.5300
1790 161.1972 96.0800
1792 131.4068 79.1300
1807 123.5262 93.5300
1817 110.6228 -34.2100
1826 65.9719 153.4700
1834 2.0091 102.5900
1840 125.3275 12.9500
1889 69.9555 134.2700
1892 39.8533 65.6300
1903 88.7996 43.2800
1911 53.5188 151.1600
1920 123.4223 48.8000
1924 66.4049 -32.4700
1945 15.6573 78.1400
1955 34.5534 163.8800
1960 108.4578 42.7100
1962 157.0578 -84.3700
1969 90.7914 92.6300
1986 86.1670 0.6800
2000 63.2180 138.7100
2003 135.3212 110.0900
2009 1.3336 125.1200
2023 167.6576 13.4000
2030 107.1588 42.0200
2035 134.6110 112.8800
2038 158.1489 69.0200
2050 79.2910 90.1700
2055 100.1096 117.8300
2060 30.2234 52.2800
2068 9.9417 85.2500
2086 11.1541 118.5200
2102 55.8916 -17.7400
2108 172.5765 -46.6900
2142 72.4496 151.4300
2154 144.6566 76.2200
2178 100.9756 -47.5300
2197 55.8397 134.6900
2199 63.3219 2.1800
2222 29.7384 -15.1900
2227 111.1078 126.6200
2234 167.7962 -10.8700
2263 109.5663 -19.2100
2279 111.7660 71.1800
2280 171.9010 86.8100
2284 81.4560 -10.2700
2287 24.9581 185.0000
2298 90.8607 -43.3300
2311 137.9711 110.4200
2320 145.8690 53.6600
2325 105.4268 77.2400
2328 105.4615 -33.3400
2329 63.8762 67.7900
2331 34.4668 68.3000
2332 65.6082 -10.8700
2334 107.8170 -31.2400
2370 160.7296 43.9100
2399 9.2142 169.4900
2401 57.1560 29.7200
2407 28.3355 64.3100
2411 134.9228 54.0800
2423 31.5397 27.2900
2453 104.8553 102.7700
2463 70.9081 154.0400
2477 4.0009 93.2300
2486 103.3484 59.8400
2491 146.5965 36.3500
2492 139.0623 101.2700
2509 153.8882 34.4600
2518 147.0988 17.2700
2541 142.8380 22.9700
2542 62.2654 81.2300
2556 107.4879 4.9700
2562 92.2463 125.9600
2576 167.6576 -90.0100
2581 145.6612 91.0700
2584 45.7248 112.3400
2606 7.0666 153.5900
2611 76.1214 107.1500
2620 109.9127 114.6500
2635 134.6630 -3.5800
2648 137.3130 0.6500
2651 138.9237 -69.5500
2655 2.9271 177.8000
2662 14.8432 143.4800
2690 95.6584 92.0600
2706 22.5160 120.5000
2708 92.0385 -48.6100
2717 115.7149 -39.7300
2720 20.0219 74.3900
2778 96.9054 115.7900
2783 25.0274 72.7100
2790 37.6190 152.8100
2801 80.5207 134.5100
2811 30.1022 171.4400
2824 23.6764 43.0400
2832 141.5217 -2.0500
2842 147.9648 21.2300
2856 39.5762 55.8200
2863 140.5864 -17.6200
2881 55.9609 16.8800
2890 25.5990 48.0800
2892 6.5989 107.5400
2894 52.7740 30.8300
2900 9.4221 144.5000
2907 93.8744 98.3000
2908 116.9446 71.7800
2912 159.1188 57.8600
2913 38.6236 168.2900
2937 12.2106 128.2100
2938 90.0640 68.7800
2947 71.2198 -10.8700
2961 40.2863 142.2500
2962 18.4631 151.1000
2966 53.8132 150.4700
2981 83.2226 148.1900
2991 141.9547 -25.8400
2997 48.0284 77.9600
3002 144.4488 -24.4900
3010 66.9591 117.5900
3011 145.3668 -42.1900
3013 98.6720 103.6100
3020 147.6530 68.7500
3021 106.0330 -21.2500
3022 37.7230 173.4500
3023 37.2380 143.5700
3046 149.5236 72.5900
3049 40.3036 129.5900
3058 42.3820 -5.5900
3064 52.5662 139.9400
3067 138.0404 -68.0800
3068 165.7004 34.1000
3085 110.5362 2.2100
3097 140.2054 46.4000
3120 16.7831 73.5200
3133 13.8214 33.6800
3135 166.6877 71.3300
3145 50.6610 63.4400
3157 83.9154 7.4900
3168 131.1297 -65.6500
3178 64.0667 -2.5300
3194 61.6938 113.3900
3201 57.8834 31.8200
3227 172.1608 -0.7300
3239 118.3476 -54.1900
3252 85.4049 -8.8900
3255 61.7978 130.7000
3276 6.7894 171.6800
3279 37.7403 41.3300
3287 37.1341 127.1600
3290 148.1726 44.8700
3291 129.9000 -46.0900
3296 131.5974 -21.0400
3299 142.8727 112.6700
3303 107.6092 116.0000
3311 27.1924 107.1800
3316 165.5792 -50.0500
3317 100.2828 11.6900
3324 120.7377 -18.7000
3327 99.9537 -43.1500
3328 159.6731 -35.2600
3340 97.4943 6.3800
3362 147.2546 5.0900
3367 127.4232 14.0000
3379 135.7888 25.0400
3398 97.7541 44.5700
3404 134.4378 52.2500
3419 131.4242 -62.9200
3446 163.6220 76.2800
3452 7.3956 159.7100
3457 110.3457 -37.3600
3464 116.5116 69.9800
3479 36.1988 27.8000
3488 120.4952 95.0000
3493 105.8945 14.6600
3498 64.3092 80.4500
3499 129.4150 67.8800
3519 38.8141 163.9100
3528 157.9757 41.3900
3539 56.8962 137.4800
3543 82.5991 136.8800
3550 146.2501 -37.5400
3554 57.2080 131.0900
3571 100.0057 125.9000
3573 162.2711 -22.7800
3577 52.2025 64.4300
3590 79.5161 44.9600
3591 12.9380 121.4600
3592 113.3248 127.0100
3594 16.4713 133.7000
3602 1.0046 35.0900
3612 67.1323 -19.1500
3619 5.4558 158.9300
3625 75.5152 39.9200
3638 78.9792 131.7500
3647 151.3422 21.9500
3650 103.0367 -53.2900
3656 119.7678 55.5800
3663 20.5588 70.5500
3682 78.2344 98.2100
3683 133.5545 -69.4300
3698 158.0623 9.1100
3709 88.5745 48.4100
3711 163.2930 -53.7700
3730 27.1231 129.9500
3733 67.0804 43.9700
3737 79.4988 -0.1000
3755 161.3012 21.6800
3768 14.5661 159.4700
3771 17.4066 106.1900
3802 95.6584 17.4800
3816 104.1625 125.7200
3821 29.4094 147.2300
3823 155.6375 -45.3400
3833 94.6711 74.9000
3849 96.1606 39.8900
3856 168.5236 -4.4800
3864 135.5810 83.8700
3866 30.7776 -12.2800
3879 0.2944 144.7700
3891 130.6448 -3.1300
3892 52.2025 81.5600
3894 79.2910 46.7300
3899 139.3048 -19.7200
3904 19.7794 67.1600
3916 91.6055 64.4000
3924 130.7140 65.3300
3944 109.5836 118.7600
3950 20.4203 102.3800
3965 87.0157 136.3400
3983 43.3346 25.6100
3984 22.5680 111.2000
3989 120.4260 7.5200
4012 18.6363 11.6300
4024 0.5889 167.3300
4039 10.5306 163.1000
4043 111.4715 11.7800
4044 152.0696 -54.5200
4050 133.2601 -64.6600
4054 143.7040 0.2000
4076 24.9581 112.1300
4077 148.5883 -10.6900
4088 133.4852 37.1000
4093 3.3601 118.4600
4105 26.8287 165.9800
4106 85.5262 -7.3000
4145 166.5838 -74.0800
4159 27.6081 129.3800
4201 171.4160 -7.0600
4212 113.4114 107.1200
4215 133.6065 -14.9800
4233 33.2890 -12.0400
4236 139.4087 -20.5300
4241 24.3173 183.8300
4242 156.5382 -69.7000
4247 54.0730 23.0000
4248 145.2975 -82.8700
4251 11.6390 140.4500
4253 166.1334 -19.5100
4256 95.7969 119.8400
4264 31.7302 8.9000
4266 16.9909 62.4200
4290 46.0019 40.4300
4294 21.8232 -1.5700
4312 32.5616 171.3800
4319 157.0924 -7.3000
4324 161.9074 -14.0200
4327 116.9620 -66.7600
4331 157.2136 -25.8700
4361 134.3686 26.4200
4401 55.5626 162.2300
4433 59.8579 119.6600
4440 48.0630 147.3800
4447 130.7660 101.7500
4459 34.8825 120.8300
4462 23.3474 33.0200
4474 24.5598 59.3900
4475 90.5663 146.3300
4479 8.5041 156.7700
4488 55.3028 -13.9300
4500 159.2228 -68.2900
4501 153.2820 91.6400
4538 119.0057 -54.1000
4557 9.6646 86.2700
4563 136.3950 -57.3700
4564 155.0833 -86.9200
4588 100.5080 137.6000
4600 19.2425 19.7600
4602 164.7998 90.3800
4616 128.2546 -4.2700
4628 172.5418 68.0600
4657 79.4642 39.9200
4660 36.7184 165.0800
4661 166.0122 97.7300
4674 89.6656 128.2100
4681 76.0868 -37.6000
4702 164.7305 -42.8200
4711 6.7894 130.6400
4717 128.9820 85.8800
4722 6.4950 108.8600
4734 115.2992 -26.3500
4741 166.3413 -33.6400
4745 23.9709 56.0900
4790 84.6428 104.2400
4806 35.1076 160.7900
4810 43.5598 112.3700
4817 33.4796 49.5800
4838 110.8653 -29.9500
4859 142.8554 -36.1600
4860 167.9520 -54.2800
4872 68.5006 137.3000
4878 164.7825 1.1600
4902 29.4960 56.6000
4915 4.9362 178.2200
4916 101.6164 107.0300
4932 30.8816 51.4100
4935 8.9718 183.3200
4953 117.7760 -63.0100
4955 40.2344 167.6900
4961 146.6658 -50.4100
4965 48.7212 -15.3400
4967 68.2581 -20.4700
4987 145.9037 1.7900
5022 173.0614 -81.7600
5025 37.0302 145.2500
5030 36.6318 156.8000
5054 16.8524 43.1000
5080 136.8280 0.3800
5106 40.4595 59.0900
5113 157.4908 25.8800
5115 68.8297 32.2700
5126 104.0239 53.9900
5134 8.6080 24.7100
5140 13.8387 92.5700
5149 144.5181 -3.6100
5158 38.3811 101.0600
5174 15.9517 149.9900
5178 40.6154 9.5600
5179 51.8388 108.5000
5184 64.3958 -19.3000
5195 87.6219 49.1000
5237 155.3084 3.0800
5245 114.8489 -47.5000
5250 35.3501 42.8600
5282 16.3674 184.8500
5292 111.7660 109.1900
5294 139.4606 98.0000
5297 55.7877 36.5300
5302 95.1907 66.0200
5303 61.2955 -18.8200
5308 11.4485 84.0800
5320 129.2765 124.7000
5339 92.7832 103.5800
5380 148.3458 -61.6600
5383 25.7375 164.3300
5388 66.3356 142.7300
5410 113.0130 40.5500
5411 148.8481 -65.8000
5443 40.9098 118.6400
5461 56.5498 31.7900
5500 9.8551 38.3300
5506 37.4805 56.1800
5512 102.5344 65.2700
5535 39.8360 81.7400
5545 38.5716 69.2300
5566 147.1334 -48.3400
5573 155.0140 -48.7300
5582 102.0668 50.2700
5590 31.9034 32.9300
5596 122.6256 109.3400
5602 157.4388 -1.8100
5607 39.1259 109.9700
5616 44.9974 7.5500
5623 25.3911 70.5500
5624 105.7732 -20.8900
5631 58.8534 27.5900
5657 133.9356 -21.7600
5679 61.0530 -0.4600
5681 38.8141 39.3200
5694 121.8116 99.4700
5710 158.4434 -60.6700
5717 147.7742 -8.9200
5734 108.6830 -61.3300
5737 8.2443 175.7900
5756 161.1453 -11.1400
5767 71.8607 -6.9700
5779 23.1049 77.1200
5783 21.4941 101.2700
5788 118.7632 -44.7400
5808 112.4414 76.9400
5825 35.5580 155.9600
5829 137.7979 -38.9500
5835 150.9784 91.9100
5858 160.3659 -67.0300
5874 149.5582 21.0200
5884 128.4624 -7.6000
5889 15.5880 128.1500
5896 145.0550 -15.5800
5905 71.5836 -17.7400
5907 25.2699 166.1900
5908 42.4340 -15.3700
5911 84.9026 147.2000
5923 38.2772 -20.8300
5936 166.7916 73.5800
5965 161.2838 -79.6900
5971 37.1514 25.0100
5973 137.2783 -31.1500
5975 148.3804 -14.8000
5995 4.8669 187.9100
6000 161.1626 45.0800
6001 152.8144 93.5900
6003 28.0064 117.2600
6007 130.9392 109.9100
6023 164.0724 -77.3500
6025 92.0385 100.4600
6028 159.4999 73.1000
6059 111.2637 128.0900
6068 64.9327 152.5100
6083 141.5217 74.7800
6099 69.9035 -5.5000
6104 168.7488 -89.5300
6110 149.6794 42.6800
6118 133.2947 102.8000
6120 7.5342 117.0200
6124 23.2434 32.4800
6126 95.1388 84.6800
6129 65.9719 111.6200
6153 72.9518 132.8000
6155 135.0787 54.5900
6161 128.9301 120.6200
6162 68.8643 148.7000
6184 170.8618 -57.1300
6235 53.6747 155.2400
6236 95.3812 107.8700
6241 144.0504 90.8900
6246 134.0048 -48.7900
6247 16.8350 136.9100
6289 111.1424 -38.0800
6313 53.3976 151.5200
6315 25.6509 103.9400
6317 148.3285 9.4700
6329 60.1870 70.7900
6330 30.7430 164.9900
6332 4.6591 153.5600
6350 6.7202 179.7800
6359 0.9353 161.8700
6360 119.4041 103.4900
6361 53.6920 17.9300
6365 2.8924 54.8900
6370 12.7822 124.9100
6376 14.3756 119.0300
6380 11.0675 42.2300
6386 118.9364 68.6000
6393 31.1760 4.4000
6410 111.5928 82.5200
6411 145.8344 17.0300
6435 115.7496 49.3400
6452 65.7814 155.8700
6472 48.8251 78.8000
6479 117.8799 75.0200
6514 124.2537 -57.7300
6517 18.8442 32.3900
6523 172.3340 -56.0800
6524 69.7130 139.7000
6533 25.0101 23.2700
6541 108.4752 -62.3200
6571 162.3923 30.6200
6590 57.2080 148.6100
6595 5.6117 75.4100
6602 4.3300 166.7600
6605 103.6082 51.3500
6606 121.4998 -42.5500
6611 34.1724 62.0300
6616 109.7915 94.6100
6617 37.8962 61.9700
6622 163.3969 -50.3200
6626 31.9208 137.5700
6630 156.8326 37.7600
6678 47.6993 130.5500
6691 99.3129 -35.5000
6717 157.1963 51.5000
6734 102.1534 89.2400
6737 41.4121 72.5000
6743 133.3120 8.4500
6756 111.2983 15.5300
6784 117.9319 -53.4700
6792 135.9100 11.3000
6798 23.3300 2.6300
6804 127.7177 29.6300
6809 73.5061 128.3600
6816 108.2154 4.8200
6851 36.1468 168.3500
6859 43.4212 117.1100
6860 108.4925 101.5100
6880 144.7779 66.9800
6882 31.1067 79.8200
6896 111.5235 -1.0900
6900 148.9000 -14.5000
6910 127.5618 -23.6800
6915 146.2328 80.4200
6934 145.5746 -15.6700
6967 52.9472 147.6500
6998 28.3009 107.6300
7023 43.3346 149.0300
7037 155.4470 -21.2200
7041 62.7157 161.3600
7054 20.8533 185.0900
7056 139.0450 3.5900
7062 89.6137 -37.9000
7073 63.2007 120.7100
7097 135.1999 -57.4000
7103 89.4578 -35.5300
7114 54.0384 114.7700
7126 3.1869 162.9200
7138 148.0860 108.9800
7148 100.3867 -38.1700
7151 85.8899 32.3900
7154 173.0441 8.5100
7161 109.4451 134.4800
7182 158.9803 4.6100
7186 141.2273 -72.9400
7190 30.2754 174.0500
7195 79.0658 44.6000
7201 136.6375 73.2800
7221 154.5983 31.4300
7223 155.3431 -32.8900
7232 163.1544 73.7600
7236 95.8662 86.3000
7238 4.7976 173.9600
7239 118.3822 84.8000
7256 1.2644 185.4500
7257 8.2270 162.7100
7274 11.2407 98.8400
7287 62.5945 29.0600
7300 168.9739 -73.7200
7303 148.7268 -72.0400
7306 107.9036 7.7900
7310 32.7694 7.0400
7335 72.2764 150.6200
7340 18.0994 104.2700
7349 138.0404 66.1400
7357 33.8433 147.7100
7359 74.9090 -42.4900
7376 57.2599 138.1700
7383 88.5398 -49.7500
7384 37.2380 51.4100
7391 167.7962 -88.7800
7408 125.8471 103.2200
7412 39.8360 130.5500
7418 124.4615 63.1700
7429 138.6639 -56.5600
7431 40.5288 112.4300
7473 170.4288 -52.8700
7502 148.6922 18.1400
7504 171.0350 64.2200
7516 164.2282 38.7200
7518 37.4805 12.3800
7530 2.4594 198.3200
7554 146.1115 33.6200
7563 105.9984 73.3400
7566 27.4349 56.8400
7568 56.4112 157.2200
7570 88.7130 -31.8700
7581 128.7049 -22.9300
7602 46.6774 75.0800
7612 153.1261 -85.6300
7625 2.3728 68.2400
7660 123.7687 50.3300
7661 164.7652 72.6200
7668 81.9756 137.9000
7672 138.8718 28.9400
7684 158.2355 -88.2700
7690 16.0730 38.3300
7692 135.8927 -54.6100
7700 80.9017 149.4800
7704 118.7113 52.9400
7718 143.8426 -46.4500
7734 37.6883 142.5800
7737 157.5600 27.4100
7742 124.8079 33.4100
7744 21.5634 181.8200
7755 152.1389 84.5000
7769 156.9192 -89.8900
7776 37.2726 77.4800
7791 47.7512 -0.1600
7799 23.1915 160.7600
7806 162.1325 -38.4100
7811 129.8654 59.3000
7812 127.8043 111.8300
7815 49.3274 114.2900
7821 58.6282 124.4600
7835 19.9526 183.8600
7843 135.6502 -9.0100
7844 43.6810 69.6500
7854 37.3073 123.9500
7859 124.0978 68.0900
7873 131.9611 112.7300
7874 73.1424 140.6300
7884 78.4423 126.4700
7886 30.3446 162.9500
7889 72.8826 -30.8500
7891 51.9600 3.9800
7893 128.8608 27.1700
7894 26.2398 -3.0400
7900 87.1542 105.9200
7905 35.1076 61.8200
7926 167.1034 -34.9000
7934 145.1416 49.3400
7938 158.6339 -59.0800
7943 100.9929 108.5900
7953 46.7294 127.5500
7963 106.1370 53.2400
8001 34.7266 75.2900
8008 150.8226 -83.1700
8023 128.9994 -39.6400
8024 152.6758 -45.0100
8038 109.9127 -24.8800
8041 85.1624 86.7800
8054 126.5746 99.3200
8074 127.3713 40.2800
8077 144.0504 -79.2400
8123 149.3677 61.6400
8125 31.9900 40.4000
8146 130.2984 -43.7800
8148 20.1951 137.2100
8156 85.0412 8.9000
8166 73.8525 72.2900
8187 96.1433 59.4800
8189 11.6910 80.6900
8202 157.3522 -74.4700
8224 33.2544 136.4000
8236 0.8487 37.5200
8241 103.1406 111.3800
8244 123.3184 109.4900
8257 16.0037 56.4800
8282 170.8618 -7.8700
8284 45.9846 70.8200
8292 158.9110 61.9100
8302 126.9210 -6.1600
8311 73.7486 -20.8300
8314 152.8144 40.2800
8326 95.6757 109.2200
8334 136.8107 31.1000
8336 1.4722 186.4700
8368 81.4906 -1.9600
8399 59.0612 79.1000
8416 137.4169 75.7700
8417 34.0858 12.4100
8418 35.8004 169.1600
8425 8.0711 167.7500
8430 5.3519 34.7000
8433 123.8207 -37.6600
8435 54.1423 115.8200
8438 150.7879 28.7300
8439 143.3057 -11.8000
8444 36.8223 75.6200
8454 113.2382 54.8900
8480 21.1650 161.7200
8491 138.8371 47.6300
8498 0.2078 156.2900
8502 38.7448 58.6100
8525 149.5236 67.6700
8530 109.8261 -36.3400
8532 69.9208 -12.0400
8543 143.0805 59.7200
8552 21.7712 110.2100
8554 19.9700 114.4100
8564 18.9654 4.5500
8583 135.6156 -19.6900
8593 23.9362 34.7300
8603 71.1332 148.7300
8606 146.2154 49.1300
8609 30.0675 -13.2400
8618 150.4415 -71.6500
8628 131.2683 71.0300
8635 99.0531 86.8700
8659 13.5789 173.9600
8665 54.8871 71.2400
8668 107.2801 112.3100
8676 116.0267 94.5800
8687 24.7849 102.2900
8697 87.7085 138.4400
8710 31.1760 127.6100
8718 119.4214 82.6700
8722 31.6436 173.9600
8737 106.7778 132.4100
8755 142.2492 -38.3500
8759 150.5801 75.6200
8766 94.0130 -3.1600
8787 86.4614 -41.0500
8788 125.6393 44.3600
8807 43.0922 167.6300
8830 120.8243 -61.0900
8837 166.3240 7.3400
8842 142.3531 67.5500
8865 20.4722 45.2000
8866 144.6047 89.4800
8894 51.0247 16.5200
8903 150.8918 -33.9700
8910 47.5780 67.3700
8911 123.1279 -23.9800
8912 6.3045 96.2300
8920 103.6948 -32.6800
8925 98.4296 -39.6400
8938 121.9501 -6.2500
8943 165.8736 61.9100
8955 35.4194 130.1300
8962 17.2854 126.4400
8971 138.8544 78.9800
8972 123.0413 -38.6800
8974 143.9119 70.5800
8989 41.7239 0.4400
9052 145.5400 -74.9500
9062 18.3072 117.5900
9076 131.5627 3.9800
9080 53.2936 -17.3800
9099 131.8572 115.1600
9100 7.0666 161.9000
9101 69.0202 90.5900
9137 106.5526 45.1400
9138 167.3112 7.8200
9144 163.7260 69.1400
9147 7.8113 134.0900
9149 74.8397 128.4500
9156 13.7001 182.7500
9158 14.2370 140.3600
9161 8.6254 49.1600
9167 87.7604 42.6200
9169 10.9982 83.3000
9171 128.8608 -16.6000
9197 83.2053 38.9000
9198 37.6883 -11.5300
9209 114.8316 -63.4600
9216 149.5236 -72.0400
9222 106.0504 57.2300
9228 25.5124 137.3000
9233 142.2318 55.3100
9237 159.1362 1.0400
9243 8.8505 84.3200
9267 106.7778 -22.3600
9286 7.2917 55.5200
9312 84.1925 -42.8500
9313 91.6055 89.1500
9319 33.6181 159.3200
9334 35.2808 68.8100
9359 141.7642 37.2500
9377 94.9309 88.4600
9394 94.0303 103.2500
9410 60.6027 133.7000
9414 156.1918 106.0100
9425 72.6747 110.2700
9449 28.6819 43.7900
9450 64.7075 30.7100
9454 43.4559 49.9400
9461 7.2051 85.3100
9468 67.6000 136.8800
9474 8.8159 164.0000
9484 26.1532 53.5400
9501 40.7886 -8.2000
9512 32.5443 121.5500
9514 97.1652 109.9700
9524 8.7986 62.8400
9533 127.6311 -56.8300
9556 145.0377 13.7300
9573 16.3154 133.8200
9587 158.9283 32.0300
9589 45.9673 -18.4000
9595 142.5263 12.8600
9598 146.5445 -44.2300
9613 148.2072 108.8900
9622 164.1936 47.2700
9640 156.4342 -3.4300
9642 71.9126 127.7600
9646 128.9647 111.4400
9668 32.2325 159.4400
9676 79.6374 -1.3900
9691 3.5506 96.2000
9696 96.9920 -36.6400
9709 163.5528 -29.6200
9713 143.4789 55.5200
9714 87.6738 -3.2800
9721 103.5736 78.5000
9723 12.9034 103.0100
9742 98.4642 38.1200
9746 11.6910 191.2100
9752 135.6329 -30.2800
9755 85.1798 -47.7700
9760 168.8873 -80.5300
9763 45.4996 171.2000
9795 48.7038 112.0400
9797 8.7986 186.8000
9798 52.0466 130.2200
9818 72.2417 -25.4200
9827 73.2290 34.4600
9852 151.1863 -27.5500
9855 151.6366 -14.4700
9865 66.6474 77.9900
9866 160.7469 -20.9500
9876 137.8672 -77.2300
9910 5.1440 147.0200
9917 72.2417 -41.5900
9930 8.3829 62.4200
9937 43.3866 53.5100
9969 39.9226 23.2100
9985 27.1578 128.3900
9986 160.6084 -6.2500
9993 134.6803 56.9300
9994 147.4105 100.8500
10002 14.0465 168.9200
10007 65.0193 141.0200
10023 74.3374 -9.5200
10029 144.1544 -25.8700
10048 47.8898 165.3800
10049 73.8525 -20.9200
10057 20.4203 39.5300
10058 116.4597 -50.7100
10075 1.4722 184.4300
10081 44.1660 134.6600
10087 30.6564 -6.8500
10088 156.7633 34.5800
10090 132.0823 87.6800
10104 38.0174 52.1600
10106 42.3474 -7.4800
10113 137.2783 66.4700
10127 132.8098 52.4000
10128 27.0712 170.4800
10134 20.1951 67.1300
10150 0.8314 179.9900
10154 1.0912 89.1200
10160 105.6693 84.2600
10168 10.8596 121.4300
10176 82.2180 147.3500
10188 38.6409 -17.3500
10190 89.3539 132.4700
10195 129.3631 4.5500
10213 131.1297 -16.7800
10214 98.9492 -5.1100
10223 110.5882 -57.3400
10237 34.6227 36.3200
10257 140.3613 5.3000
10268 10.8077 174.2300
10271 170.7752 94.0700
10275 119.4560 -33.2500
10277 139.3914 14.9300
10284 135.2172 59.9300
10289 126.4187 111.8600
10292 71.8087 -14.9800
10296 11.1368 27.5000
10303 33.0119 -18.4900
10305 157.5774 38.5400
10320 78.1478 -3.6100
10325 69.5571 31.6700
10337 151.2382 -9.6400
10339 63.6164 -5.2000
10353 27.3656 181.7600
10357 114.5891 88.9100
10358 25.2179 65.0000
10379 27.1578 68.1500
10384 161.3704 -37.4200
10387 22.8278 136.1000
10393 4.7630 194.3300
10398 83.5344 110.6300
10437 171.3987 -78.8500
10444 27.2617 41.0300
10452 45.3264 115.6100
10453 38.7448 12.2300
10455 132.0477 104.0600
10468 103.5390 17.3000
10472 151.5846 51.1700
10484 172.9402 91.0700
10497 56.7576 9.4400
10509 127.3020 103.8800
10541 88.6438 45.5600
10545 150.1817 13.9100
10552 55.4586 134.5700
10557 151.5673 55.8200
10565 15.3455 15.2600
10576 123.9419 -17.9800
10578 39.9572 150.5900
10593 144.1544 102.2900
10596 127.5791 80.0900
10599 151.3075 -57.9100
10604 117.7760 -17.3200
10605 126.2628 -10.2400
10632 149.5236 -60.8800
10643 138.3175 30.8300
10646 141.8508 106.7900
10664 146.2328 -76.7500
10665 21.5980 165.0800
10669 40.3902 114.6800
10678 36.0429 -5.8600
10687 115.9747 -30.4300
10688 24.9581 58.5500
10694 47.6646 147.7700
10709 13.8040 133.8200
10723 5.6117 142.6700
10728 15.4841 98.3600
10742 113.3074 12.3500
10751 30.0675 174.5300
10755 154.0268 -40.9000
10767 41.1870 144.2000
10801 14.4622 103.6100
10803 73.6966 137.6000
10813 127.3713 -71.1100
10833 69.6784 136.1900
10834 129.4670 -14.4100
10839 171.5026 7.1300
10861 45.1359 35.8700
10876 34.1550 10.9700
10882 42.7284 29.1500
10900 132.4287 87.6200
10906 136.9319 113.4800
10910 86.9810 41.6000
10911 39.1086 52.7000
10925 45.4477 115.2500
10965 67.8078 38.5100
10976 130.5062 -55.1800
11029 49.3620 116.8700
11033 122.5563 124.7300
11055 105.2710 5.1200
11080 64.5343 -5.5300
11096 164.9903 12.2300
11107 110.3111 97.5500
11113 37.7576 32.6600
11114 56.8789 41.2700
11143 147.3239 46.5200
11157 53.3629 12.0200
11160 2.4941 128.1800
11162 67.5826 41.6000
11163 113.6192 110.3600
11168 30.8642 67.4000
11175 33.0119 147.8900
11176 116.6675 -61.3600
11183 21.4768 111.8300
11185 75.7750 41.9900
11188 88.5745 3.6800
11194 149.4716 -51.9400
11199 80.2609 135.3200
11216 49.6218 152.3900
11219 167.1380 -28.7200
11234 172.3860 -78.3100
11239 64.0494 116.9900
11251 112.2682 51.7100
11253 44.4951 55.7600
11260 27.3310 31.4000
11277 134.6630 120.4400
11278 40.7020 62.8700
11306 4.0356 186.3500
11307 111.1251 30.7700
11332 51.2152 33.1100
11352 141.0714 -46.2100
11353 47.2663 -8.5000
11373 127.4406 -52.6900
11403 150.9092 104.7200
11424 37.0475 136.7900
11432 32.4230 42.0500
11443 149.0559 105.9800
11444 59.3210 34.1900
11451 115.0568 108.4100
11462 156.5035 -35.5900
11475 95.5371 124.5500
11478 132.7578 -33.4300
11498 116.6848 27.5900
11500 54.6966 145.5800
11520 129.7961 42.1700
11522 125.7086 -10.3300
11526 111.0558 -25.4500
11560 121.3959 -69.7000
11565 8.7812 147.2900
11570 98.3603 4.4300
11574 123.1452 -17.3500
11576 87.7258 -47.9800
11580 164.7998 84.4400
11607 163.7779 32.6600
11609 97.9273 130.1300
11617 49.0156 160.0700
11619 57.9354 77.2400
11624 92.2810 131.4200
11638 51.1113 125.3900
11640 67.2536 -16.5700
11648 26.8806 53.1200
11649 170.1863 -1.8700
11652 2.8751 146.7500
11653 27.6774 108.1100
11670 134.8016 -67.0900
11679 60.2736 153.9800
11680 25.5990 19.4900
11685 152.6238 74.4200
11690 152.6065 -0.5200
11700 48.9290 76.7600
11710 124.8252 64.9700
11715 40.7713 44.9000
11732 88.9728 64.8200
11733 135.3038 11.6300
11740 98.0485 -43.3600
11753 172.8536 -96.2800
11776 159.8116 16.7600
11780 14.7913 73.1300
11783 144.9338 -38.7400
11791 167.5883 -24.9400
11798 95.2254 8.4800
11800 129.0167 65.9300
11803 141.9894 -26.8000
11818 65.3137 78.1700
11820 26.8114 140.3900
11865 39.0046 47.1500
11873 103.8680 -39.7300
11881 110.5709 32.5400
11903 125.6912 58.7000
11907 168.2118 62.9600
11912 63.7030 154.0100
11919 115.8535 5.8700
11932 85.9418 49.0100
11939 2.6846 178.4600
11941 55.2681 29.6300
11942 141.5564 -23.2900
11946 133.5718 -3.0700
11951 4.2261 99.2600
11956 145.0030 114.3200
11964 16.1422 31.2500
12026 61.7804 147.5000
12030 42.9190 67.4900
12051 128.9994 74.3000
12060 97.6675 141.7700
12064 66.0412 39.3200
12070 106.6219 -34.6900
12085 120.5818 74.3900
12086 87.3448 -31.6300
12116 26.0146 119.6600
12126 9.8724 45.1100
12129 69.4705 -6.1300
12136 158.9976 31.7300
12144 16.5406 183.1400
12162 151.3248 27.2300
12164 123.2145 15.1400
12190 118.0878 109.5800
12206 38.3465 151.1600
12207 165.0250 -63.7000
12230 126.5572 -66.3100
12233 88.7304 1.7000
12237 28.7512 70.9400
12256 139.4606 92.4200
12278 39.7321 150.7100
12282 99.1916 9.5300
12287 103.4350 109.2500
12293 60.6720 140.0600
12303 2.8058 194.1500
12314 31.9900 63.9500
12315 85.9418 49.9100
12317 172.9229 57.1700
12322 127.1461 -70.5700
12326 52.2198 145.6700
12330 109.7568 88.4300
12333 17.8742 36.2000
12341 1.0219 181.4900
12342 151.3595 3.2600
12353 24.2653 115.6100
12357 18.6190 30.0500
12359 5.7156 52.3100
12370 19.3984 137.2100
12372 63.6683 -9.1300
12373 82.7723 149.6000
12386 145.6266 11.6900
12400 169.3896 -4.9900
12410 72.7094 108.0800
12431 106.2409 -60.3700
12441 121.4132 84.8000
12443 8.4868 41.7800
12464 72.5708 108.6200
12522 146.5792 -26.4100
12524 161.3358 62.9900
12542 167.1726 30.3500
12543 116.7022 -62.9200
12555 41.2043 77.3900
12560 106.1543 120.5300
12561 158.2009 47.0900
12567 66.7513 117.4700
12569 109.5144 39.5300
12570 42.9363 5.0000
12578 63.1314 159.8000
12586 119.3348 50.3300
12593 66.1278 29.7200
12597 0.1559 86.0600
12599 35.3328 79.6700
12602 44.6856 12.8000
12605 85.8552 126.1700
12628 19.0520 116.1500
12632 23.7630 168.9800
12644 160.7469 -80.7700
12647 120.3047 66.7100
12664 108.9774 -28.5400
12672 43.9755 67.0100
12684 54.6446 135.5900
12690 169.3376 -52.6300
12694 113.6885 -39.9400
12701 32.7694 43.5500
12715 36.0256 103.2800
12723 57.5544 10.1000
12740 8.5041 125.0900
12767 49.3793 127.0100
12786 35.6619 -5.8900
12800 31.1067 102.1700
12801 45.4304 122.8700
12833 112.0258 -28.7800
12849 20.5762 161.2400
12851 76.4505 99.9800
12857 151.6193 -64.5100
12858 167.4324 -78.1600
12862 90.2892 96.2300
12879 104.8553 -39.0100
12883 156.6767 -23.5300
12925 149.0559 -77.6500
12939 128.2200 113.6900
12951 129.6575 109.3100
12954 29.2535 31.6100
12956 37.8788 -0.7600
13003 84.9373 149.5100
13019 2.5114 106.8200
13024 96.9920 124.1600
13053 36.0429 -7.1200
13061 4.4166 166.6400
13067 83.8981 46.2200
13073 157.2483 33.4700
13093 149.3850 48.2900
13118 160.4871 -8.4400
13141 37.1860 18.1100
13145 33.6528 168.8600
13149 155.5336 -31.9600
13162 13.5616 54.2900
13169 141.0368 66.4400
13178 108.3020 5.1200
13184 42.9190 29.0600
13189 147.5318 25.6700
13217 143.6001 -48.0700
13241 30.2580 109.5800
13251 103.6602 -55.5100
13253 65.1059 128.8100
13260 13.5269 61.6100
13268 56.0129 139.6700
13290 136.4816 98.6300
13307 23.8670 121.1000
13308 47.8725 -4.3600
13311 17.4932 44.2100
13344 41.4294 -2.6200
13347 84.5043 105.9800
13364 50.2800 63.2600
13365 125.3968 1.1900
13374 122.1233 17.3300
13377 79.6027 -36.4000
13378 102.8462 46.0400
13385 149.0040 9.2300
13393 54.6100 115.8800
13399 90.0120 66.0800
13401 139.6685 91.7900
13412 51.8388 164.4500
13413 115.4032 -43.6300
13418 116.6156 -66.3700
13420 2.0957 146.1500
13436 163.6220 -64.8100
13439 132.0304 92.2400
13444 4.7457 119.8400
13447 11.4658 120.4400
13462 141.0194 57.5000
13463 11.6910 188.0300
13465 14.5315 33.2900
13468 3.7411 194.7200
13474 57.4851 110.6000
13476 79.0485 102.7700
13481 96.5936 6.2900
13542 41.1350 160.7300
13557 96.8534 107.0900
13576 116.0786 46.6700
13577 146.2674 -17.0500
13600 61.1916 78.9800
13627 1.8186 33.6800
13631 128.8608 12.6200
13636 22.9490 147.5600
13647 86.8252 69.5900
13668 120.6165 103.3700
13670 71.7741 -3.0400
13671 157.0578 -20.2300
13672 120.6858 111.1100
13691 155.5682 37.7900
13726 6.7375 108.1400
13763 153.6977 49.7300
13769 54.4541 1.0100
13770 160.6950 67.7600
13778 45.4823 61.9400
13780 170.0131 -27.7900
13802 57.6583 11.5100
13811 20.2471 1.4300
13816 107.4186 18.1100
13826 160.7816 102.7700
13832 88.5745 145.3700
13852 63.5990 41.1800
13856 144.1544 -83.1100
13864 0.9699 148.1600
13878 114.5025 47.3000
13885 67.2362 -21.7600
13889 8.5041 75.6500
13916 92.3156 107.1200
13926 161.3531 -80.0500
13935 115.7496 -29.5600
13950 90.8261 125.2400
13972 167.6576 -72.7000
13973 165.7351 -46.0300
13976 104.9938 -56.2000
13977 161.1280 97.9700
13989 52.1852 121.4900
14020 141.6256 21.5900
14041 133.0696 111.5300
14043 28.1450 138.6200
14047 1.4376 90.8300
14062 158.0104 31.8800
14066 142.5436 14.7200
14069 36.6838 154.1000
14075 78.2691 150.0200
14083 166.2374 -73.9300
14088 156.9885 80.8400
14104 49.8123 22.9100
14114 49.0156 -11.7400
14122 140.7943 -52.1500
14124 53.5361 139.9100
14126 63.3912 139.3700
14162 71.4450 68.9600
14165 93.3375 -51.4900
14180 156.3650 -86.2000
14184 90.5490 105.6500
14195 32.1979 -7.4500
14197 163.4662 71.0600
14204 21.0784 100.6400
14212 42.2262 127.6700
14229 73.7659 29.6600
14249 4.6937 184.8200
14251 35.0903 45.9500
14252 102.0321 131.5700
14255 141.5390 108.8000
14263 42.4513 174.4100
14273 162.1152 91.5800
14278 44.7202 -5.5300
14287 43.0229 8.9000
14292 164.9384 33.3500
14298 141.1926 -66.0700
14301 114.8489 115.2500
14308 89.2153 -0.1300
14317 47.3875 33.6500
14330 51.3884 30.0200
14340 67.6866 109.2800
14354 149.1598 13.1900
14356 37.1514 134.2700
14361 106.1543 30.0200
14366 169.8572 -46.2700
14379 36.3720 -11.0500
14384 134.2473 -53.8900
14391 164.5054 56.9900
14405 144.0851 -77.6500
14418 35.1769 131.1800
14422 121.1188 -52.8700
14429 166.9994 6.1700
14443 95.7450 142.5200
14446 71.6528 -5.3500
14455 132.3768 -17.3500
14458 145.0377 19.9700
14469 120.1662 93.1400
14471 165.0596 -88.2100
14475 133.5545 -71.4700
14478 40.5634 112.1300
14494 130.9046 -55.2700
14495 155.3431 -53.3200
14504 41.9144 172.5800
14505 148.1553 -51.8800
14510 57.6410 -0.0100
14511 0.2598 42.2900
14526 28.3875 59.0900
14535 78.8233 38.6900
14555 142.8900 24.8600
14583 31.9208 103.9700
14587 29.5999 43.4600
14588 163.1024 -68.3800
14593 163.0678 -1.6900
14608 18.1167 21.6500
14620 32.1459 114.0500
14621 118.0185 74.4200
14631 155.3084 -85.7200
14638 152.3121 104.9300
14645 163.5008 -30.8500
14657 146.0942 33.3200
14659 115.2473 4.6700
14667 31.1760 113.8700
14683 117.2564 -58.0300
14714 32.0593 165.0200
14726 124.3230 51.4100
14728 26.1878 156.1100
14731 119.0923 -23.5600
14735 109.2026 31.6700
14745 140.8289 -26.0500
14748 85.8726 125.7800
14764 123.5782 95.2100
14772 167.7788 39.4100
14775 134.9055 0.5300
14780 143.5482 21.6500
14783 171.7278 28.7600
14807 98.1178 -38.0500
14808 94.4806 61.9100
14834 75.2900 88.6100
14839 114.3813 2.7800
14840 16.9216 180.2900
14844 112.9437 127.7600
14907 142.9246 -18.4600
14915 134.8535 -74.8600
14924 90.9646 -42.4000
14935 50.1414 8.2400
14951 31.3492 -11.3200
14971 65.4350 68.7500
14975 146.1635 81.1400
14977 153.2820 -0.7000
14989 108.0595 -42.4000
14994 116.4943 28.7600
15009 98.4815 96.6500
15027 122.4697 -13.2400
15050 40.4422 35.9300
15056 86.2363 77.9300
15058 69.7303 124.4300
15065 98.6547 -3.6700
15069 54.7139 157.9100
15070 171.6758 73.4900
15073 104.3184 35.3300
15078 91.7614 63.1700
15087 5.8715 175.9400
15089 40.1651 166.4000
15090 42.3474 17.6000
15098 132.6019 -40.8400
15103 117.1871 -21.7300
15111 117.3084 54.3200
15114 80.3821 114.4400
15120 40.4595 25.1600
15121 125.7605 66.2900
15125 10.2708 43.7000
15134 53.3802 122.5400
15146 109.9993 -57.7000
15151 1.6108 92.4800
15158 137.5208 49.2200
15159 135.0094 -64.3900
15161 148.0687 12.9800
15166 35.7312 38.1800
15167 31.4531 121.9700
15168 143.9119 79.7000
15184 58.7841 159.2000
15185 136.0486 -11.8300
15204 169.5455 -96.5500
15218 66.4915 147.7100
15223 50.1760 77.9000
15237 48.2189 143.1800
15241 85.6994 -6.8200
15267 24.6290 121.3100
15281 41.3428 175.9100
15307 103.6602 125.5100
15311 147.3586 28.5200
15321 14.9991 12.9200
15332 116.2865 115.5200
15335 77.2818 110.6600
15348 163.8645 70.2200
15366 64.6729 136.4900
15371 56.8962 -4.5400
15381 141.2966 10.0400
15392 153.5938 54.9500
15394 67.0111 -25.1800
15405 24.9408 161.8100
15406 39.3164 102.0500
15410 138.0577 -45.2800
15449 41.6200 150.2600
15453 120.8070 -6.8800
15464 46.6254 138.0500
15467 104.4396 136.8500
15486 162.5309 28.0100
15507 138.4041 -34.7800
15515 159.7077 22.3100
15542 65.5735 150.0500
15562 82.7723 87.8000
15575 160.1234 -48.5800
15581 0.5369 67.5500
15591 130.1078 26.5100
15593 73.9044 93.2600
15618 86.2190 -39.8200
15620 115.6630 55.8200
15652 123.4570 -21.0400
15664 63.3219 41.6600
15668 58.8014 -3.7000
15672 149.0559 -81.9100
15675 113.1689 12.5300
15686 156.9712 -64.2700
15690 158.6339 -82.3900
15695 90.8088 -45.8200
15696 157.5947 67.5500
15702 163.3969 93.0500
15703 0.4157 179.5100
15704 127.5445 -2.7100
15712 36.0083 175.2500
15727 118.1917 113.9900
15730 138.3348 -53.2900
15732 105.3402 77.6000
15737 149.7660 18.5000
15739 141.5564 116.0600
15779 126.0030 10.5800
15786 132.5500 88.5500
15800 8.1924 62.3000
15804 3.7065 86.1200
15809 98.9838 131.7200
15817 132.4634 -72.0400
15825 65.7294 -13.1200
15834 137.7113 76.0100
15836 7.4476 156.3800
15841 73.6273 41.9900
15877 18.0128 171.2300
15881 133.8836 76.8500
15898 27.4522 178.5800
15899 123.9939 -45.1900
15914 108.6310 47.5400
15915 97.8753 -42.9700
15924 37.2207 162.8600
15941 135.6676 -8.0800
15957 168.9220 -39.1600
15963 98.7586 -46.3900
15969 64.3784 38.8400
15991 104.1798 47.9300
15994 4.2607 175.2800
15999 87.6565 73.6700
16005 168.7488 -79.3600
16007 130.7487 80.4200
16067 129.5363 107.4500
16069 103.3831 4.1300
16078 19.8314 129.7400
16097 78.6848 32.3600
16119 18.1860 41.6300
16136 115.0394 33.5900
16142 69.9035 126.6200
16144 42.6418 131.9300
16151 161.1106 64.0700
16171 92.7486 124.5200
16176 30.7950 29.9000
16191 137.3303 -42.2200
16206 46.2964 131.1200
16209 133.0349 104.2400
16212 56.0822 142.0400
16221 69.6437 150.2900
16236 70.5617 108.1100
16240 145.4014 -18.3100
16254 37.0994 56.8700
16255 38.6409 176.1500
16260 31.6436 30.8900
16263 20.1085 76.6700
16278 120.0969 57.5900
16279 2.5287 100.1600
16282 112.4761 75.6200
16289 11.9335 112.4900
16295 122.0887 -58.3000
16326 163.3796 -31.4200
16337 146.0249 70.3100
16340 163.9165 65.7800
16357 33.4276 -17.1400
16373 97.8753 1.4600
16389 15.8132 35.5700
16391 31.1414 61.5500
16403 92.1770 145.1600
16408 72.3283 134.2100
16433 154.2173 25.7900
16439 147.4798 -10.6900
16444 136.5509 78.1100
16448 39.6974 39.5300
16454 66.9764 135.8000
16457 34.1897 33.0200
16465 25.5470 26.1200
16509 129.7441 1.9700
16515 25.1313 140.9000
16517 105.7559 -43.5100
16520 10.3920 75.1700
16527 88.9209 63.7400
16528 132.1862 92.6000
16563 113.4980 -23.6500
16574 86.3922 44.3900
16592 150.7360 81.5300
16601 106.1196 -32.8600
16608 14.4622 58.8800
16621 35.3155 48.9200
16623 42.7284 58.5500
16628 62.0922 -17.5600
16632 138.9064 35.6000
16644 1.2644 171.1400
16648 18.5497 134.0600
16651 121.8289 21.2000
16655 122.2965 104.1500
16666 49.8470 158.0300
16675 95.0175 128.2100
16692 84.3484 -32.9800
16693 62.5079 -31.2100
16700 100.8197 101.4500
16731 116.6156 -36.5500
16734 144.7086 43.0100
16748 134.9921 26.2700
16769 111.4542 71.5400
16791 163.5354 84.4100
16809 4.6764 38.0300
16815 63.4605 134.4200
16821 1.4895 164.1800
16824 34.1550 44.5400
16836 140.8809 -53.5300
16843 37.9481 -18.0400
16856 162.4443 -39.0100
16865 25.0794 -3.0700
16867 10.1668 146.2400
16872 134.6457 11.4200
16885 44.3392 -6.4600
16910 152.3987 -42.5200
16960 30.4312 47.5100
16961 23.1049 59.2100
16974 7.7940 89.3300
16980 165.7004 64.9700
16996 106.2409 88.2200
17003 128.7569 -39.1300
17006 51.8734 -0.6700
17009 11.9335 20.8100
17015 59.1824 20.4200
17019 37.0128 166.7300
17036 146.6658 105.1400
17038 1.1258 162.0200
17058 8.0192 40.2800
17059 73.0038 117.2900
17068 169.7880 -52.7500
17069 43.5598 50.6000
17070 163.1198 45.8900
17076 113.9483 1.1600
17082 5.9061 108.8900
17117 19.5370 172.5200
17126 165.6658 37.5200
17128 65.1059 0.2600
17138 88.6957 118.1900
17141 27.3310 34.4900
17148 65.6948 0.5000
17156 122.0887 11.3000
17178 26.7940 98.6300
17187 65.0366 73.8800
17193 155.7588 -76.9900
17238 115.0221 -19.0000
17269 90.2892 119.0000
17280 4.9189 190.3100
17281 146.4926 94.0700
17282 126.8344 106.5800
17289 51.5616 137.8400
17296 105.5654 54.6200
17297 99.8498 -25.8400
17298 164.4707 -36.1300
17304 146.4406 71.2700
17312 36.2854 42.5000
17313 100.1269 -44.5300
17320 158.8071 -4.3300
17324 123.4916 103.4600
17335 40.5115 15.7400
17340 170.8791 31.1900
17351 21.9271 138.0200
17361 73.5754 -16.6900
17368 169.9612 -13.3900
17380 147.9648 43.3100
17402 103.0713 131.6300
17411 100.3348 107.9600
17423 49.4832 65.3300
17433 132.1862 11.0300
17448 11.1194 93.2900
17462 24.1960 103.1900
17464 11.1887 182.2400
17475 5.4212 30.9800
17482 25.4604 165.5000
17487 43.2654 161.9300
17506 105.4615 64.8200
17517 146.2674 15.6200
17528 85.8033 -43.8100
17537 119.4214 69.1700
17538 99.4168 89.9300
17554 42.7631 62.6000
17556 167.6922 66.8600
17558 141.3658 -19.7800
17567 2.8405 121.2200
17581 161.5783 -31.6000
17584 54.0730 24.3800
17589 82.2873 117.8900
17595 137.2956 78.0500
17596 166.2374 101.8700
17630 145.2109 -80.8000
17631 136.4989 114.1400
17643 147.3412 20.6600
17655 71.2545 -6.4300
17657 86.1670 149.8100
17670 143.1844 -50.1400
17675 95.8142 -47.3500
17682 163.4142 -66.1000
17701 10.5998 167.5100
17703 94.2554 93.0800
17705 114.5198 -55.4200
17722 23.1222 134.0000
17740 160.5391 32.2100
17743 145.3668 98.2700
17748 0.4330 159.4400
17774 14.2370 75.9200
17789 1.3683 104.9600
17792 46.8160 26.8100
17799 14.8952 149.9900
17802 125.6046 19.1000
17805 101.6857 10.7600
17807 170.7059 87.4100
17810 24.2480 173.4500
17836 57.9181 133.3100
17851 36.8223 103.7000
17869 86.1497 79.1000
17871 112.9091 13.2200
17874 67.7385 122.7800
17877 26.2918 34.2500
17888 151.0824 17.2400
17895 169.3550 38.6600
17896 76.8662 33.3500
17904 26.1186 160.3100
17906 112.5627 100.7000
17907 168.7488 -85.5400
17913 156.8326 19.1600
17916 21.3209 37.2200
17948 152.9876 -64.3600
17955 65.3830 120.2900
17963 66.5781 109.4000
17972 56.7403 122.6600
17998 165.7351 92.0900
17999 150.0258 -3.5500
18000 103.0020 -28.4800
18007 108.8216 127.3400
18018 132.7232 60.7700
18019 165.1635 22.7900
18026 170.7925 -16.6600
18032 164.1763 43.3100
18044 118.4688 7.5200
18049 115.0914 124.4000
18101 45.8980 131.7500
18110 13.2152 162.0800
18126 7.9499 38.9600
18131 56.1861 16.7900
18144 160.4352 53.2100
18145 38.5197 145.3700
18149 131.8918 -56.4400
18150 70.8215 30.1700
18160 48.5999 80.1500
18163 45.9846 67.1000
18168 4.4859 85.5500
18177 95.4852 55.3400
18185 156.6074 71.5700
18189 79.2217 -38.2300
18198 129.7268 119.3600
18205 2.0264 97.3100
18214 160.4005 49.0100
18227 50.2973 22.0400
18228 99.2782 39.3500
18233 6.4430 145.5500
18254 100.8197 80.9900
18267 148.0514 -40.1500
18269 70.1980 -2.8300
18271 40.1651 81.1100
18294 76.9008 105.1700
18308 163.8992 -61.2400
18318 100.1269 113.2700
18322 35.2982 66.5600
18329 46.7294 -12.7300
18330 99.4341 -29.5600
18335 83.8808 29.3300
18343 34.4148 75.8600
18360 74.5106 146.1500
18382 119.9583 7.5500
18384 47.6646 28.8500
18397 91.8826 -29.8000
18412 116.8754 45.2300
18422 72.1898 31.4900
18431 132.6192 92.7800
18435 139.2874 88.5800
18437 149.9566 21.4400
18444 44.3912 38.0000
18448 168.4543 -61.4200
18471 166.1334 38.6300
18475 74.4067 128.1200
18496 5.0228 33.3200
18506 144.4661 -46.6000
18509 25.7029 70.7000
18528 134.5591 -28.8100
18529 155.2392 -17.7700
18541 51.7868 143.5400
18544 119.2655 71.1200
18545 60.4641 130.4900
18550 116.5463 -59.2900
18565 64.9327 -17.5600
18566 10.8596 187.7600
18571 49.1715 114.0800
18573 162.5309 -30.7300
18579 9.3355 138.4400
18587 32.0247 160.1600
18588 121.1188 -6.0100
18602 106.8644 135.5600
18604 20.6108 100.8200
18612 123.8726 -48.4300
18654 21.1824 181.4600
18659 35.9563 121.7600
18692 122.5736 65.8700
18704 79.4815 44.3300
18737 125.8644 93.1700
18738 38.5890 63.1100
18742 18.6710 175.4900
18757 105.8772 53.0300
18762 31.6956 162.2300
18764 152.8663 42.8900
18765 61.2782 1.5800
18779 7.1878 172.6700
18783 10.3054 149.0000
18785 132.9830 23.1800
18790 97.1479 52.8500
18791 100.1616 -48.5200
18799 84.4350 116.3900
18819 88.6264 111.3200
18822 123.7514 -46.8400
18833 50.0202 113.4200
18834 126.8344 -42.1300
18848 13.1112 147.1700
18856 168.0386 44.3900
18860 23.3300 163.8800
18866 102.8462 50.3000
18883 122.6256 -3.1300
18915 48.3921 28.3700
18925 76.9874 36.1400
18939 158.4260 64.4300
18943 27.3829 52.7000
18951 71.0640 -36.3700
18963 134.7842 72.2000
18983 112.2336 -43.8700
18991 8.9544 118.6100
18999 68.4313 75.3800
19028 24.2480 100.2500
19033 13.3018 32.1800
19046 38.3118 102.9800
19058 55.0083 150.0200
19064 169.1818 89.5100
19073 11.8122 79.8800
19083 144.7606 -69.7600
19091 17.8223 75.2300
19099 160.9721 -50.0800
19101 21.2690 44.0600
19113 21.4248 9.4400
19126 129.3458 -57.8500
19132 37.8962 -11.1700
19154 166.5664 -0.4300
19161 68.6218 133.7300
19203 119.9064 42.1100
19210 75.3074 153.3500
19231 90.2892 62.2700
19238 154.0268 32.4800
19244 103.8680 -49.6000
19247 16.4367 19.7900
19265 135.4251 2.4500
19266 85.9938 107.2400
19276 143.4096 110.7800
19295 44.0274 37.9100
19307 138.8891 20.7500
19310 55.5106 11.3900
19347 75.3420 107.1200
19360 163.3103 -84.2800
19382 15.2070 53.2100
19389 144.3795 51.0500
19397 155.4470 55.1000
19404 80.8844 147.8900
19414 115.0914 68.3300
19430 127.5964 -11.6500
19451 82.0275 151.3400
19458 152.9529 3.5600
19462 157.0231 8.3000
19485 142.9766 -4.9600
19486 21.0611 185.3300
19496 167.1034 53.4800
19508 149.1945 -47.5900
19524 63.7203 160.0400
19527 170.0824 29.7200
19530 8.4868 59.2400
19531 80.5034 51.0500
19537 76.3466 140.6300
19551 144.6393 -9.1000
19565 147.2373 80.4800
19577 6.5816 119.6300
19600 30.5871 32.5100
19601 147.4625 41.8400
19607 122.2965 24.4100
19609 84.1232 149.5100
19612 107.0376 125.9300
19650 154.3212 73.6700
19651 101.6164 -58.0000
19652 20.9226 39.1700
19653 77.1433 -40.6900
19656 87.9856 147.1700
19682 95.9008 139.1900
19703 13.5269 101.1500
19704 160.1754 -56.0800
19711 89.6656 76.4600
19713 29.7558 179.8700
19714 98.8106 -4.9600
19719 137.6767 -25.3300
19730 66.4395 -36.3100
19732 9.2142 176.6600
19733 6.7375 50.7800
19746 74.6838 156.0800
19750 10.1149 83.8700
19777 61.1050 -5.9800
19794 23.0876 46.3400
19808 114.0522 82.3400
19815 1.3856 159.2300
19838 151.3075 8.2100
19841 88.5052 -44.7700
19852 137.8499 59.3300
19857 4.4512 92.2100
19871 76.7276 93.6800
19873 47.3529 70.7000
19877 32.3711 138.5900
19892 76.0694 146.2400
19904 47.2836 147.1100
19908 99.0358 49.1300
19912 61.1050 157.3400
19914 105.6174 92.9000
19937 116.1133 50.1200
19942 122.6776 128.2400
19952 160.0195 -89.9500
19957 42.1049 38.6000
19974 10.9982 87.3800
19983 17.3720 161.0900
19990 26.3957 181.9400
19992 148.6576 76.6100
19994 140.1188 18.2600
