1 -1.4376 90.2000
2 -65.0577 110.2400
3 -159.3186 -32.9200
4 -71.2586 89.8700
5 -103.5103 85.0400
6 -165.6927 71.3600
7 -56.0854 36.8900
8 -27.2286 121.8500
9 -152.5634 58.0700
10 -60.9353 116.7800
11 -113.4179 114.5900
12 -61.8360 75.6500
13 -133.0599 5.8100
14 -28.2159 41.8100
15 -167.5114 -20.7700
16 -33.2390 9.7700
17 -14.9307 94.7900
18 -3.1178 168.8000
19 -49.2782 23.3000
20 -139.4340 97.4900
21 -73.9260 44.1500
22 -119.6535 91.3400
23 -141.0276 75.5900
24 -127.2747 -57.1600
25 -116.2932 78.4100
26 -24.8383 112.5200
27 -99.5784 81.5600
28 -146.9687 107.3900
29 -70.9295 55.4600
30 -23.7644 157.2200
31 -7.4307 164.2700
32 -154.9883 -21.8200
33 -144.4918 20.0300
34 -120.0519 -62.1100
35 -173.1061 39.9800
36 -164.2724 -60.7600
37 -158.5391 -19.1800
38 -164.0818 54.8300
39 -129.4052 -60.7000
40 -145.0114 38.7800
41 -113.3486 79.5800
42 -157.4652 74.9600
43 -76.2297 127.6400
44 -157.1015 -66.5200
45 -129.3879 3.7700
46 -112.8463 52.0700
47 -85.5657 -38.5000
48 -143.5911 42.8600
49 -151.4202 -26.2600
50 -49.5554 -9.2800
51 -169.4167 -73.7200
52 -169.6765 -95.9200
53 -120.9006 119.6600
54 -155.4040 29.8400
55 -94.9710 73.6100
56 -133.1638 31.6100
57 -126.6685 111.5000
58 -114.8209 -53.3200
59 -101.7262 -34.8400
60 -7.5173 46.8200
61 -145.3059 53.1800
62 -60.6581 141.6800
63 -127.4652 -13.2100
64 -83.0888 110.4200
65 -122.7539 -1.4500
66 -3.2044 46.1600
67 -127.1015 -32.2600
68 -31.8706 177.2900
69 -150.9006 -40.3300
70 -112.2747 -41.2000
71 -131.7089 -1.1200
72 -145.1500 46.8500
73 -73.2159 149.8100
74 -88.5796 -48.7300
75 -111.0449 -62.3500
76 -105.2424 75.5300
77 -160.7216 -80.1400
78 -66.3914 43.7300
79 -20.1443 182.8400
80 -11.8822 105.8900
81 -131.2412 -37.3600
82 -35.5773 81.1400
83 -123.9491 55.2500
84 -161.6396 -60.9100
85 -5.9065 183.5300
86 -166.2643 73.8200
87 -57.3672 41.4800
88 -12.2459 122.3000
89 -59.5669 110.5700
90 -110.9930 99.5600
91 -146.4317 26.7200
92 -95.1789 -34.1500
93 -74.6189 65.8400
94 -72.7136 116.9300
95 -38.3833 15.7100
96 -108.0138 -53.2900
97 -143.3313 -9.5200
98 -154.0183 -70.6000
99 -86.0161 140.7200
100 -65.8371 -14.8900
101 -84.7343 106.9400
102 -143.2100 80.6300
103 -69.0415 116.3300
104 -138.4468 66.7400
105 -3.3083 109.1000
106 -147.2458 -13.4800
107 -61.8706 81.6200
108 -83.7644 -42.9700
109 -30.8314 90.4400
110 -136.5414 -3.7300
111 -89.0646 127.7000
112 -167.4075 79.9700
113 -41.8649 159.0500
114 -136.7666 90.1400
115 -157.1015 -41.3200
116 -47.7540 94.9100
117 -114.4572 -29.2600
118 -45.2771 92.4500
119 -48.1351 106.0700
120 -62.2690 40.8800
121 -51.4953 79.7900
122 -158.8162 -89.4700
123 -150.4329 22.9100
124 -124.6939 -57.1600
125 -65.4734 16.3400
126 -153.4121 80.0900
127 -131.7608 93.8600
128 -138.5334 -45.0700
129 -142.1534 50.8100
130 -108.9144 -25.7500
131 -76.1258 134.1800
132 -163.8393 -75.3700
133 -66.1489 108.3800
134 -61.8706 92.6600
135 -159.2839 60.2300
136 -123.7932 44.4800
137 -137.9964 -75.3400
138 -106.7493 -60.4900
139 -121.2470 55.9700
140 -106.5934 -56.9800
141 -145.7562 -12.3400
142 -124.9537 -54.5800
143 -126.5126 -60.0400
144 -5.3695 96.2600
145 -96.4606 -49.8400
146 -152.9791 60.8900
147 -37.0843 110.1500
148 -160.3059 -66.9700
149 -72.3845 -40.6000
150 -133.2331 90.7100
151 -116.3971 34.0400
152 -109.6246 -20.3500
153 -89.2551 79.6100
154 -43.1813 -20.0800
155 -17.6847 169.2200
156 -7.2055 51.0500
157 -43.9434 48.7700
158 -158.9029 -37.3900
159 -148.6142 -28.0600
160 -48.2217 117.8300
161 -81.7898 -31.4800
162 -149.7920 61.4600
163 -33.3776 148.6700
164 -143.9895 -14.6200
165 -122.6673 87.0800
166 -4.2090 134.3600
167 -25.3579 44.1200
168 -153.3255 102.3200
169 -57.2632 119.9300
170 -130.4271 -63.3700
171 -171.0102 -80.1400
172 -171.4779 -12.2200
173 -160.6696 23.9000
174 -161.6915 52.0100
175 -102.6962 138.4100
176 -2.8060 57.9800
177 -116.5703 -36.4600
178 -129.6130 -44.4100
179 -10.8083 50.5400
180 -127.8983 -18.2500
181 -162.6962 -74.4100
182 -70.7736 101.1500
183 -1.3857 35.1500
184 -122.2689 35.2400
185 -156.6165 10.0400
186 -54.6304 48.4700
187 -83.1408 53.8100
188 -100.2366 61.5800
189 -111.4953 58.8500
190 -155.4040 105.8600
191 -75.8487 123.8000
192 -123.0830 38.2400
193 -105.0865 86.3000
194 -155.9410 -6.8200
195 -154.6592 40.4000
196 -11.0508 138.4100
197 -62.4942 137.8700
198 -17.9272 158.9900
199 -14.4111 85.5500
200 -103.2851 66.3800
201 -114.1281 -19.9900
202 -109.0011 102.9500
203 -129.2839 58.2500
204 -131.1200 38.9300
205 -167.8925 35.1500
206 -145.6003 -42.8800
207 -153.1003 -29.9200
208 -117.0034 129.6800
209 -126.0449 -51.1900
210 -144.3879 -58.4200
211 -134.0819 36.1100
212 -22.2748 83.9300
213 -154.8324 -46.8400
214 -5.7506 102.2600
215 -164.6015 -82.0600
216 -157.2227 -12.0700
217 -145.3405 -19.6300
218 -166.7319 -74.0200
219 -115.5830 -41.8900
220 -143.6604 35.0900
221 -131.7435 -9.7000
222 -49.0877 114.4700
223 -135.9179 -27.2800
224 -1.4203 97.3700
225 -146.3105 -36.8200
226 -140.8544 0.5900
227 -65.6119 121.0400
228 -134.3763 -62.8300
229 -88.6662 113.2400
230 -128.2100 19.8800
231 -68.8683 93.4700
232 -1.1778 98.9000
233 -12.2633 64.3100
234 -88.5796 103.6700
235 -100.2713 113.9300
236 -155.9063 31.6400
237 -4.2956 40.0100
238 -120.7274 15.6800
239 -172.5864 31.8200
240 -143.1234 -59.9800
241 -145.5310 -77.3500
242 -129.7863 33.5300
243 -134.4110 20.9000
244 -126.7897 -37.0900
245 -111.5126 2.7500
246 -70.3925 35.9300
247 -171.2181 -43.3900
248 -38.7298 145.4600
249 -164.9479 -43.7200
250 -163.3370 -40.4200
251 -19.4168 155.0900
252 -172.5172 -50.3500
253 -23.0716 164.0300
254 -59.0300 17.6000
255 -119.3590 100.1900
256 -151.1604 65.5700
257 -67.2228 -27.7300
258 -153.6546 -33.5500
259 -161.7608 -43.8100
260 -130.2366 -74.1700
261 -54.8902 72.8300
262 -20.4907 100.8800
263 -31.8533 178.4900
264 -24.7690 161.9900
265 -128.7470 -44.4400
266 -49.5034 111.7700
267 -98.1581 123.2000
268 -129.7516 120.4400
269 -126.5819 3.8900
270 -142.1881 72.4100
271 -109.7112 -40.0000
272 -108.3429 86.1500
273 -37.2401 156.5900
274 -103.0253 95.3900
275 -53.4526 -19.7200
276 -164.3936 -49.4200
277 -48.2909 101.8400
278 -74.6882 55.9700
279 -116.0507 90.5300
280 -159.0934 33.3500
281 -100.7736 114.7100
282 -60.9353 -25.1800
283 -136.2297 -48.7600
284 -87.2978 -40.1200
285 -160.3925 -16.8700
286 -93.7239 -50.4100
287 -30.5369 54.6500
288 -15.9873 59.3000
289 -116.2932 127.5200
290 -112.5692 -3.7900
291 -30.9699 120.6500
292 -47.6327 127.1000
293 -110.9237 10.1900
294 -111.7897 -6.5800
295 -124.1742 85.0400
296 -155.5772 -30.0100
297 -31.2990 93.1700
298 -165.5195 44.1800
299 -39.5612 164.3900
300 -31.6455 176.3300
301 -124.9710 106.9700
302 -161.5530 33.2000
303 -153.0657 -80.6800
304 -98.9029 67.6100
305 -131.5530 54.5000
306 -29.6362 96.3500
307 -151.9225 62.9900
308 -56.9514 50.9900
309 -99.2147 116.8700
310 -39.4919 52.7300
311 -15.9873 183.9200
312 -71.2066 -26.5900
313 -35.6466 146.7800
314 -111.6338 110.1800
315 -169.8151 96.9200
316 -76.3683 -38.3800
317 -163.7874 -63.3100
318 -112.2054 -11.7700
319 -148.8913 -10.8700
320 -89.6708 142.3400
321 -113.7816 92.4200
322 -83.6778 137.5700
323 -59.9133 82.7000
324 -149.6708 -69.0100
325 -17.0092 173.8400
326 -169.1742 58.8200
327 -168.8105 -93.7000
328 -37.4307 138.6500
329 -148.9606 -11.1100
330 -30.8660 54.4400
331 -67.3440 158.5100
332 -159.6477 32.0000
333 -89.1512 84.0200
334 -168.0310 -15.3700
335 -134.3590 -15.4000
336 -28.4930 -2.5600
337 -137.8578 48.8300
338 -96.6512 136.2800
339 -164.4456 86.5100
340 -124.5380 -49.4500
341 -122.9791 126.8300
342 -166.4202 -5.1400
343 -153.2735 26.3600
344 -24.0935 87.9800
345 -23.0196 181.8200
346 -112.3613 105.1100
347 -10.2714 84.9500
348 -110.0057 -44.2300
349 -73.8914 131.9600
350 -87.2805 139.3400
351 -110.5773 73.4900
352 -87.2805 78.8600
353 -131.9341 28.9100
354 -116.7782 -49.0900
355 -108.9144 -23.2900
356 -12.3672 107.8100
357 -133.8913 2.4800
358 -141.3220 -38.5900
359 -81.3914 -34.0600
360 -115.6870 -36.7000
361 -116.8475 66.4400
362 -138.0310 -18.9700
363 -91.6108 -47.4100
364 -161.2065 -23.8000
365 -37.3441 110.0300
366 -166.2816 -24.1300
367 -126.6685 -8.8600
368 -25.6178 111.1700
369 -108.8971 113.6000
370 -97.5692 -31.4800
371 -45.5889 94.9700
372 -13.6489 12.5300
373 -115.7562 58.1000
374 -139.3821 15.9800
375 -155.6119 2.4800
376 -68.4699 96.3500
377 -105.1211 131.0000
378 -97.7944 97.2800
379 -123.4641 73.7300
380 -14.8441 177.8600
381 -158.7989 -60.5800
382 -86.7089 106.0100
383 -128.7643 -65.7700
384 -45.2771 120.9800
385 -132.7308 66.7700
386 -1.5242 179.5400
387 -23.1409 120.0800
388 -40.7390 124.4900
389 -77.0265 -34.9600
390 -21.6686 110.0000
391 -1.9919 36.5600
392 -148.9779 68.3300
393 -130.2366 42.9800
394 -31.5415 4.4900
395 -125.2308 -62.4400
396 -16.8187 145.7900
397 -147.2458 75.8900
398 -168.7585 66.8000
399 -30.6582 103.1000
400 -148.0079 -29.5300
401 -11.2413 147.5300
402 -19.8325 128.1500
403 -129.7516 -15.9400
404 -98.1235 -18.9100
405 -52.1535 -29.3800
406 -123.7412 -19.9000
407 -144.2146 91.2200
408 -139.5726 5.3000
409 -12.5924 155.7200
410 -160.1500 -69.8500
411 -136.5241 -74.8900
412 -147.0033 14.5700
413 -127.9329 -5.6200
414 -145.3752 34.6400
415 -91.7493 78.6500
416 -153.2735 38.2700
417 -87.3152 125.3600
418 -135.4329 -33.3400
419 -43.0254 36.3500
420 -160.8774 -27.3100
421 -50.3695 79.5200
422 -31.9226 113.6900
423 -131.1026 52.1000
424 -163.5276 75.2000
425 -160.4791 96.0200
426 -6.6339 45.3800
427 -148.4756 78.9800
428 -156.3393 -39.9700
429 -23.4180 177.8600
430 -144.9594 29.0600
431 -150.4675 -23.3500
432 -68.2274 39.8000
433 -137.6500 64.7300
434 -167.8751 -22.3600
435 -166.2470 17.3000
436 -29.6362 11.6000
437 -57.9561 -6.3700
438 -86.1027 149.1500
439 -170.8890 -53.3200
440 -124.1742 -11.8000
441 -88.6316 73.1900
442 -76.9572 153.9500
443 -109.6073 100.9700
444 -143.4698 -70.4800
445 -109.6073 131.9900
446 -56.0854 46.4300
447 -121.6454 51.5600
448 -107.4941 60.5600
449 -143.4872 48.9800
450 -11.8822 41.4200
451 -172.5518 -39.3700
452 -52.0669 80.5400
453 -170.7677 -89.5600
454 -123.9837 2.3300
455 -85.6697 121.6700
456 -161.4664 -79.0900
457 -146.3971 103.0100
458 -122.2170 74.6900
459 -48.7067 -14.5600
460 -103.8740 -9.9700
461 -108.3255 64.4600
462 -88.4583 -29.3800
463 -11.7610 142.4600
464 -68.2274 111.9200
465 -115.0807 -45.0700
466 -136.0565 41.9300
467 -160.8774 -35.2300
468 -122.0091 76.9700
469 -150.1731 49.9400
470 -72.5577 67.1900
471 -126.1315 -7.3900
472 -76.8360 -40.8700
473 -135.4502 11.4500
474 -140.3694 32.5700
475 -42.7482 135.2000
476 -128.8163 1.2800
477 -40.8083 135.7100
478 -95.9757 80.2100
479 -126.7378 104.5400
480 -105.0172 -5.0500
481 -42.9907 0.4700
482 -1.3684 49.0700
483 -146.4837 -37.8100
484 -51.2702 -28.7500
485 -119.9306 72.7400
486 -163.7527 45.4100
487 -146.6396 88.6100
488 -57.7482 152.2100
489 -56.6223 152.4800
490 -162.6788 30.7100
491 -100.6870 115.8200
492 -166.1950 -62.6500
493 -126.9110 -51.8200
494 -53.6605 -23.8900
495 -13.7529 189.5900
496 -151.1777 -86.6800
497 -78.2736 86.3600
498 -32.0438 82.3100
499 -49.6420 101.7800
500 -159.3878 88.0400
501 -121.2297 -45.7000
502 -19.7286 89.3900
503 -129.1281 17.5400
504 -147.5576 -76.9000
505 -61.3683 150.0200
506 -72.9907 91.7900
507 -141.3567 58.5200
508 -48.2043 128.3900
509 -167.2516 58.5500
510 -149.5495 -81.7600
511 -148.4929 -60.5500
512 -172.9329 -31.6300
513 -109.9191 -3.8200
514 -20.5254 107.7800
515 -49.4688 36.1700
516 -74.9826 26.0000
517 -129.5264 -25.3300
518 -171.1315 96.9200
519 -153.9837 103.5500
521 -83.4526 57.1700
522 -0.9700 160.2800
523 -39.9249 7.4600
524 -56.2413 119.4800
528 -41.0508 114.3800
531 -54.1801 167.6300
532 -89.5842 146.8100
533 -57.1939 118.5800
534 -23.4007 6.1400
536 -132.2458 61.1000
537 -127.2920 92.4200
538 -23.2794 83.6600
539 -75.8660 90.9500
540 -61.3510 149.6000
542 -17.5462 131.3600
544 -105.3290 94.2200
545 -111.2874 70.5500
548 -133.3890 53.8100
549 -5.2656 109.1000
551 -169.4860 101.7200
552 -160.1153 42.2900
553 -36.9284 48.9200
554 -126.3394 93.1700
555 -72.0554 18.7700
556 -51.7898 129.8000
557 -59.0819 31.9100
560 -10.2194 191.5700
561 -120.0345 109.7300
563 -111.2701 54.1400
564 -52.8291 118.7600
565 -145.6869 94.3400
566 -19.1743 103.2200
567 -44.2032 125.0000
569 -18.0658 48.8900
571 -14.7748 85.6400
572 -47.2863 44.0300
574 -89.1339 62.1800
575 -28.2506 123.4400
576 -66.5819 139.7300
578 -87.7482 82.7000
579 -50.9237 82.0400
580 -63.5161 54.7100
581 -117.4710 83.3000
582 -119.0819 35.7200
587 -5.1097 156.3200
588 -151.0391 85.8800
589 -50.4734 38.6000
590 -6.2702 65.8700
591 -80.4907 55.0100
595 -30.2251 146.0900
596 -85.0461 127.7900
599 -146.5357 74.8700
600 -39.6824 149.0600
601 -107.7193 113.4200
603 -42.7136 115.4600
604 -8.0196 118.5500
605 -6.8418 84.5000
606 -162.5056 45.7100
609 -57.1073 36.5000
610 -127.3960 53.9000
613 -51.5646 109.1600
614 -108.2216 100.1600
615 -105.9699 64.0100
619 -31.4723 127.1300
620 -25.8603 55.4300
623 -64.2782 143.3600
626 -33.7067 58.9700
628 -51.8244 13.6100
629 -82.8637 81.9200
632 -15.3637 155.3600
633 -7.8464 150.8000
635 -30.4330 131.3000
636 -94.4687 132.1400
637 -138.4121 81.2300
639 -43.9261 97.4600
640 -65.7852 144.7400
641 -166.6973 52.1600
642 -149.9306 41.4500
643 -108.7759 102.1100
644 -159.9421 37.3400
650 -84.6650 72.6800
652 -134.7574 30.8600
653 -134.2724 113.3000
654 -52.7771 31.1000
655 -159.5784 103.8800
657 -63.6893 103.4300
658 -31.1951 93.2000
663 -113.9202 113.8400
665 -73.8048 89.8100
666 -45.1385 131.2400
667 -1.6975 188.2400
668 -23.7471 4.5200
669 -20.0750 187.3700
670 -15.3464 180.8300
672 -17.0092 182.6000
674 -151.4375 32.9300
676 -114.1281 98.7800
677 -164.8613 30.3800
678 -114.9075 57.4100
680 -118.8221 57.8600
681 -67.8464 19.3700
683 -6.2009 143.0000
692 -131.8128 47.5100
693 -70.5138 45.3500
694 -114.9941 104.0900
696 -104.9133 120.6500
698 -104.6015 86.5700
706 -95.1789 74.6600
707 -135.3636 110.8100
708 -71.2240 14.7200
709 -164.2897 77.4200
712 -137.5287 71.0600
713 -161.6915 84.7400
714 -159.7862 81.7700
716 -25.4619 11.5700
721 -165.6061 46.1600
722 -148.4929 95.7200
723 -152.3902 30.1100
724 -154.9537 62.5400
725 -82.4653 92.2100
727 -153.9837 42.3500
728 -155.4040 62.2400
732 -154.3821 96.6800
733 -114.4225 51.0800
735 -117.1939 127.2200
739 -149.2724 33.2600
741 -70.3233 60.8000
754 -80.9584 92.7200
758 -70.6177 80.4500
761 -131.2066 75.5900
765 -104.5149 107.2100
766 -124.6766 97.4300
769 -94.3821 60.9800
770 -143.2620 69.6200
772 -155.6465 47.0300
775 -121.4549 80.2700
778 -135.6408 98.9600
782 -134.4110 108.1400
784 -127.8290 70.2800
788 -166.0218 75.9500
797 -143.7123 78.4700
807 -152.5980 99.7100
809 -109.0184 77.6000
812 -76.6108 46.1900
815 -158.0195 92.3000
816 -140.8197 80.1500
818 -157.9156 88.6100
821 -70.0981 42.8300
822 -142.1361 89.0900
828 -153.6546 71.6900
831 -138.8451 73.5200
833 -126.7031 119.8100
835 -120.5888 75.4400
838 -108.5507 122.6900
847 -97.2747 78.3800
851 -129.6477 118.2800
858 -156.8417 30.2900
859 -126.6858 23.2400
860 -83.7817 87.7700
863 -122.8925 44.4500
869 -128.7470 110.7800
873 -83.8163 95.7800
877 -157.3959 65.0600
881 -145.2539 72.2900
886 -102.4364 55.1600
888 -30.4676 14.5700
889 -159.7343 31.4300
890 -153.8798 104.7800
891 -78.3602 57.4100
892 -69.5611 12.5300
893 -123.0830 48.9800
894 -133.3890 62.2100
895 -140.6638 26.6600
896 -40.7563 42.7100
898 -111.5126 101.5100
900 -42.4191 11.6300
905 -121.1258 25.7300
907 -109.1916 93.7100
909 -124.6592 123.1400
911 -82.8637 69.2600
913 -132.3844 63.0800
914 -151.8705 103.6100
915 -97.3613 78.8600
918 -103.8221 92.2700
920 -142.9849 79.4300
926 -172.3613 74.1800
927 -93.3429 66.1100
933 -125.8544 61.6700
936 -39.3880 46.6400
940 -163.8047 81.6800
948 -135.3290 54.1100
955 -149.2897 67.8800
956 -170.7158 75.6200
961 -128.6777 75.7400
962 -158.6430 57.6500
966 -113.0022 115.5200
969 -26.3279 8.7800
973 -139.0876 47.7500
974 -30.3464 6.3500
977 -145.4964 32.1800
982 -57.7482 54.6500
983 -121.0738 107.7800
986 -161.6396 49.8800
988 -46.7321 28.4000
989 -74.1512 49.0400
991 -105.7967 124.9400
994 -54.4745 53.3900
997 -88.0426 73.8200
1000 -161.5703 48.0200
1002 -50.0923 47.1200
1007 -148.8220 63.6500
1008 -128.3659 108.3200
1009 -142.2747 83.8700
1013 -117.6269 100.8800
1015 -144.4052 46.7000
1020 -140.7331 39.6500
1022 -128.4352 27.0500
1023 -158.5391 89.3300
1024 -113.5045 122.5100
1026 -147.0553 93.5000
1028 -70.0634 52.1000
1033 -112.7424 62.7800
1035 -132.6096 77.0900
1038 -102.9560 69.0200
1041 -22.1016 12.8000
1046 -54.8383 51.0800
1048 -130.2193 24.0500
1056 -81.4433 51.8900
1058 -134.2551 48.2300
1068 -67.4826 36.5000
1070 -138.7066 88.7000
1074 -68.8683 32.3000
1077 -110.1789 29.9600
1079 -77.8752 80.9900
1084 -149.6188 58.9400
1091 -155.9236 62.0000
1093 -170.4906 90.8000
1095 -111.7724 62.2700
1097 -150.6754 32.3600
1101 -33.6547 8.1500
1104 -51.8591 41.5400
1110 -76.3336 74.9600
1113 -165.6234 57.8000
1116 -139.3821 48.8300
1117 -163.7181 99.4400
1121 -131.6742 115.9100
1124 -83.6951 63.9800
1126 -112.0669 107.8700
1127 -29.2725 16.8800
1128 -119.8267 77.0600
1130 -139.0703 63.0500
1138 -83.8856 82.2800
1139 -125.8890 98.6000
1141 -120.3290 92.5400
1145 -108.4814 80.3900
1146 -138.5680 117.2900
1147 -141.3047 99.1100
1148 -167.7885 33.4400
1150 -172.7250 59.9600
1151 -122.5288 69.0500
1152 -114.5438 65.9600
1153 -57.2979 32.4500
1158 -135.5195 88.4900
1159 -146.3798 66.6500
1162 -169.6246 52.1600
1163 -122.2170 63.5600
1169 -138.6026 75.3500
1171 -150.4156 60.7100
1176 -124.5726 22.7300
1182 -74.2898 78.9200
1188 -147.8174 42.3200
1190 -91.8706 92.1800
1191 -28.9434 5.2100
1192 -144.1454 86.4200
1194 -92.9618 105.4700
1195 -89.9133 70.0100
1197 -139.9017 80.4800
1199 -36.5820 17.0900
1202 -46.8706 21.2900
1208 -152.5980 36.8000
1211 -15.6755 16.1600
1212 -133.7008 98.1800
1213 -124.3994 123.8900
1215 -156.5299 42.8300
1216 -139.5726 83.8700
1222 -156.5299 79.7600
1228 -162.0206 44.7500
1231 -126.4779 119.8700
1233 -120.0865 69.0800
1236 -115.7562 55.6400
1237 -121.0391 81.1400
1240 -75.6408 60.0500
1241 -129.1973 48.1400
1246 -164.0299 74.0000
1248 -147.8174 78.1100
1251 -137.9791 101.8700
1254 -127.0495 66.5900
1262 -163.6661 46.5800
1264 -19.2263 17.0600
1265 -130.0114 23.9600
1268 -110.8198 61.1300
1269 -147.9906 70.8200
1275 -140.2481 24.9500
1278 -21.4780 16.4600
1279 -133.8394 63.5900
1281 -46.5242 20.8700
1283 -61.2471 36.4400
1288 -95.9583 91.4600
1291 -98.7990 81.6500
1292 -58.4757 40.5200
1293 -59.4630 36.1400
1299 -141.8243 41.3000
1300 -140.5946 89.6600
1306 -132.8174 100.0400
1315 -122.5980 102.3500
1317 -148.2678 60.4100
1320 -27.9215 20.1800
1321 -149.1165 84.6200
1325 -109.7632 96.6800
1326 -141.7377 49.3100
1332 -59.3071 22.9400
1333 -172.8809 50.9000
1336 -68.4179 38.4200
1344 -84.6997 56.9900
1346 -71.2413 74.9900
1347 -147.2978 35.4200
1355 -65.2482 21.8600
1359 -81.2355 89.5700
1366 -156.6684 35.8100
1369 -74.4803 24.1400
1371 -98.0888 87.6800
1372 -101.5530 116.0000
1373 -152.1477 32.3900
1381 -127.8290 88.4000
1389 -170.9756 92.7200
1390 -126.3740 96.7700
1391 -130.5657 74.4500
1392 -150.0518 53.6300
1395 -15.4503 15.3800
1397 -72.1939 81.8300
1400 -46.2124 12.1400
1401 -141.2874 35.9900
1402 -145.5137 112.2200
1403 -143.6431 111.7400
1405 -43.0773 31.2800
1408 -126.2354 87.9500
1409 -95.2135 98.4500
1411 -109.4341 108.9500
1412 -135.4849 63.5600
1413 -139.8844 49.0700
1417 -114.9768 52.2800
1418 -118.1292 64.8200
1422 -129.8902 115.6700
1424 -95.0057 99.4400
1425 -96.4953 57.8000
1427 -149.5668 73.3100
1432 -92.6674 86.3000
1433 -67.6212 40.4900
1435 -165.4675 61.8200
1436 -72.5057 74.6300
1438 -137.8232 52.4300
1439 -85.0808 75.6500
1442 -54.5611 14.2100
1444 -59.1166 19.7000
1446 -155.8197 36.6500
1448 -146.7608 43.3100
1450 -134.4802 43.1900
1454 -149.7920 59.2100
1457 -122.8232 55.3100
1458 -109.6939 58.1300
1459 -117.6442 76.1900
1460 -136.3336 37.3100
1461 -88.5103 99.2000
1462 -88.8048 65.4800
1475 -134.9306 34.5800
1478 -160.3405 90.6800
1479 -45.8487 37.0700
1481 -113.2101 112.5500
1482 -135.9352 65.8700
1483 -48.6893 54.5600
1486 -80.8025 53.1500
1489 -141.4952 88.8800
1491 -141.9976 66.4400
1494 -84.2320 60.1700
1496 -118.0599 58.3100
1501 -79.6593 83.7500
1503 -137.1477 69.6800
1505 -124.6073 69.9200
1506 -50.0923 11.5100
1508 -138.0310 98.0000
1512 -143.6431 90.6200
1514 -103.2505 85.9700
1517 -33.6027 8.5700
1523 -169.2608 87.1700
1524 -113.7297 97.9700
1526 -114.4745 120.4100
1527 -158.6084 89.8400
1531 -143.6950 40.8200
1534 -110.5946 31.3700
1535 -119.8786 30.5300
1536 -166.9398 75.6500
1537 -172.0149 79.9100
1541 -141.9629 116.6900
1542 -44.7401 13.7600
1545 -129.1973 122.8400
1546 -154.9363 65.1800
1550 -105.0865 96.2600
1551 -146.1026 87.7400
1552 -141.9802 49.7000
1555 -112.7770 123.8600
1557 -48.2563 23.9300
1559 -151.5241 32.6900
1567 -95.3001 100.2500
1569 -22.0496 20.6300
1571 -81.4260 49.7600
1572 -74.8960 54.1100
1574 -58.3198 65.9300
1575 -44.2725 50.9000
1577 -113.7990 62.9300
1579 -161.0507 61.9400
1583 -132.1073 31.4000
1586 -165.6754 100.7000
1587 -157.8809 68.6000
1591 -35.6466 13.1600
1592 -87.3152 83.4800
1597 -163.6488 90.8600
1600 -169.0183 100.6400
1601 -170.3001 58.6700
1607 -115.6004 62.5100
1611 -142.4652 68.9900
1618 -149.8613 51.5000
1622 -131.6396 49.0400
1625 -52.2921 45.7400
1629 -134.8786 95.7200
1639 -45.8140 26.3600
1643 -143.2447 71.6000
1647 -159.9941 102.8600
1649 -146.4144 55.5200
1650 -74.8614 39.6500
1651 -92.9098 92.6000
1656 -169.5899 71.0000
1659 -53.5739 30.2000
1660 -150.7447 90.9800
1667 -152.5980 87.1700
1668 -161.2412 71.6300
1669 -53.5219 14.2100
1671 -153.3948 67.1300
1672 -104.1512 79.4900
1674 -71.7263 56.8700
1675 -61.4376 47.4200
1679 -99.3533 100.7600
1684 -155.3867 47.8700
1689 -128.4872 32.5100
1690 -138.6200 55.9700
1695 -165.1038 54.4400
1696 -49.8672 52.9100
1697 -40.1674 7.4000
1706 -112.5172 56.9900
1707 -134.7054 66.8300
1709 -138.5853 80.6600
1711 -163.3544 88.4000
1717 -95.6639 93.8000
1718 -138.1696 43.8200
1722 -108.0138 85.0700
1723 -148.9606 55.0400
1725 -166.7666 59.9900
1726 -145.3578 54.5900
1727 -141.9976 27.2000
1728 -96.8071 92.3900
1729 -109.0184 100.4600
1738 -69.5265 76.6100
1741 -78.6200 47.2100
1746 -89.8094 99.0800
1752 -86.8821 78.2300
1755 -169.2955 81.4700
1758 -122.7886 98.0000
1762 -75.4503 41.1200
1764 -170.4386 89.8700
1770 -161.9687 81.5300
1774 -138.3082 61.1900
1780 -158.0714 40.4600
1781 -130.6869 38.1800
1784 -111.1662 103.0700
1786 -147.0033 32.9300
1796 -129.2666 57.5300
1797 -112.8463 99.8900
1798 -105.2944 106.9700
1799 -56.6050 65.6900
1800 -123.8278 74.9300
1805 -65.7852 15.9800
1807 -122.9271 42.0500
1808 -136.2816 101.2100
1809 -149.1338 90.8000
1810 -26.9342 10.8200
1814 -151.1950 57.8600
1818 -110.9583 106.5800
1822 -102.3498 103.9700
1832 -144.6996 80.3900
1837 -97.7770 94.6700
1838 -71.4838 50.5700
1845 -56.5704 18.5300
1848 -64.0011 31.5800
1849 -152.9618 91.1300
1851 -170.9583 64.6400
1852 -111.8071 123.7700
1854 -140.1962 83.9900
1859 -116.2066 68.8700
1861 -122.7539 106.3400
1866 -67.1362 19.0400
1867 -155.8024 71.4500
1873 -120.2597 110.1200
1876 -128.7816 54.6500
1882 -142.6904 88.5500
1884 -126.6685 117.9200
1886 -83.5219 89.1800
1887 -119.8267 112.4900
1889 -41.2759 46.2800
1892 -149.6361 49.5800
1898 -103.4064 86.0300
1902 -164.5841 38.6000
1903 -136.6454 80.5100
1909 -149.3763 85.0100
1912 -166.1257 40.1300
1913 -31.3164 6.6500
1920 -135.8659 84.9800
1921 -128.4352 80.2100
1925 -172.7943 85.7600
1931 -131.0334 92.5400
1933 -73.3544 25.2200
1934 -101.0854 89.4500
1937 -92.7713 72.9800
1939 -81.4607 49.3400
1944 -119.6535 69.6200
1945 -117.7482 82.6400
1947 -126.1835 110.1500
1957 -102.1766 116.4500
1959 -150.2250 102.8000
1965 -99.5438 95.5700
1966 -78.8972 63.3500
1969 -138.1350 40.2500
1974 -168.7065 76.4900
1977 -164.0818 52.5200
1978 -76.7494 56.5100
1982 -121.6281 65.7800
1988 -164.5322 78.8900
1989 -109.0530 97.7000
1991 -77.7886 39.3800
1994 -72.6443 65.2400
1998 -49.1916 19.7300
2004 -156.5818 39.4400
2006 -162.4883 73.2500
2007 -125.4560 95.4200
2015 -135.6408 108.1100
2016 -103.2332 75.3500
2020 -122.4421 46.4300
2034 -142.2401 100.3700
2037 -128.1581 97.1600
2042 -168.3601 87.2300
2051 -140.4906 95.3300
2054 -170.0576 31.5500
2055 -142.6731 74.4500
2056 -51.2182 43.2800
2064 -140.9756 113.0300
2065 -137.9964 68.7200
2066 -125.9756 59.4200
2070 -92.7366 87.2300
2072 -56.2932 30.4100
2073 -153.7412 99.8900
2080 -153.5333 57.7400
2082 -83.1754 85.5500
2083 -141.0622 27.5600
2086 -106.9225 84.5600
2088 -101.5703 75.1700
2090 -125.3694 105.2000
2091 -118.6835 99.8300
2102 -71.3798 31.8500
2104 -152.0957 95.2700
2107 -135.7966 80.2100
2112 -65.2309 69.4100
2114 -62.3383 22.4300
2118 -105.4849 62.1500
2119 -143.5911 109.3100
2120 -144.5264 38.1200
2121 -136.8879 116.8400
2126 -113.4525 29.3300
2128 -159.9421 50.5700
2135 -122.9271 35.3600
2146 -119.4110 93.0200
2147 -123.5161 65.9300
2160 -120.0519 78.2300
2161 -65.7332 41.5400
2164 -103.2505 57.8000
2166 -116.9167 125.0000
2167 -73.3025 21.1100
2169 -80.8371 91.4000
2170 -172.1534 47.3000
2171 -138.3255 40.4900
2175 -34.3649 40.7600
2179 -49.2436 51.8900
2181 -64.3648 67.0400
2192 -167.8405 93.8000
2193 -172.0495 49.7900
2194 -127.3786 33.1100
2204 -133.1292 51.2900
2206 -161.1719 99.7400
2207 -131.7608 24.8900
2209 -132.5230 28.7300
2213 -168.1696 87.2300
2221 -130.3925 104.0600
2224 -69.1974 40.5800
2230 -98.0888 83.5700
2232 -68.2621 48.5300
2233 -99.5265 103.6400
2234 -170.4386 78.7100
2235 -76.4203 87.5600
2241 -165.4502 29.3900
2243 -164.1511 58.8800
2245 -65.5946 34.7900
2248 -147.7828 54.1400
2249 -145.7216 86.4800
2250 -20.1963 7.8500
2251 -65.4734 49.7600
2253 -71.8821 19.4900
2254 -70.1674 25.3700
2257 -23.7991 12.8600
2261 -152.8059 31.0100
2264 -50.5080 46.2800
2270 -66.9110 51.0500
2271 -171.1315 53.2400
2272 -172.4306 50.8100
2273 -61.2990 72.5900
2274 -76.4029 76.4900
2278 -67.4826 24.9200
2284 -45.6408 46.9400
2288 -94.1396 65.5700
2289 -114.7343 120.6500
2290 -77.0438 55.9700
2294 -122.4248 44.4500
2299 -146.1200 95.1200
2300 -127.3267 99.3200
2310 -149.0645 84.8000
2311 -134.9306 104.1500
2313 -128.4525 29.6900
2314 -90.6062 103.2200
2319 -47.4942 50.2400
2324 -83.8336 54.4700
2334 -93.4468 80.5700
2337 -122.1823 47.4500
2338 -38.8856 43.6100
2339 -140.5426 102.9800
2340 -141.2701 88.7900
2341 -52.6385 9.9200
2344 -143.6257 55.9400
2349 -173.0541 55.4600
2350 -41.3279 16.9100
2352 -138.2043 37.0400
2365 -131.5357 90.1400
2366 -101.2932 115.7300
2367 -122.6673 74.1800
2374 -66.9110 56.8100
2377 -95.4041 110.5700
2381 -115.2539 100.2500
2385 -128.1408 125.2400
2386 -129.1454 99.8900
2393 -99.0934 67.7600
2396 -134.9479 107.5700
2400 -91.2643 103.6700
2401 -126.0969 97.5200
2405 -109.1743 91.3100
2410 -74.8960 63.5600
2416 -135.5368 81.6200
2418 -108.4814 125.7500
2423 -134.0472 105.2000
2426 -136.8532 67.5800
2427 -27.2633 16.8500
2431 -70.7909 51.9800
2433 -59.9999 61.9700
2435 -167.1130 79.9100
2436 -153.0657 72.8300
2437 -115.0980 62.0300
2438 -123.5853 100.1900
2442 -159.5437 80.4500
2443 -162.1938 95.1500
2447 -56.4838 15.4100
2450 -144.1973 111.5600
2455 -157.7250 55.7000
2456 -159.1800 50.9300
2457 -87.0207 62.2400
2467 -151.3509 49.0700
2468 -118.2505 121.1900
2470 -125.8890 37.9100
2473 -51.7032 24.5600
2486 -89.1512 61.5800
2491 -82.1189 67.0100
2496 -60.3810 18.8000
2498 -81.8417 78.4700
2499 -140.2308 118.3100
2503 -161.9687 68.7800
2504 -140.3001 48.4700
2506 -58.7702 64.3400
2509 -171.5818 34.6100
2511 -171.0449 101.1200
2512 -56.8648 37.6400
2516 -172.5172 63.6800
2518 -154.1396 65.7800
2522 -129.8902 69.8000
2524 -157.8636 32.5100
2525 -160.5310 92.0300
2532 -110.2308 55.5800
2534 -69.5092 45.8300
2541 -91.1777 66.7400
2544 -108.8452 128.9900
2548 -142.7424 35.1800
2550 -142.1534 27.4100
2552 -159.7516 71.8100
2557 -141.2008 74.4800
2558 -119.4283 90.0800
2560 -146.2066 59.2700
2562 -79.9364 84.3500
2563 -106.1951 87.4700
2564 -40.3406 19.3400
2570 -139.9710 63.2300
2571 -114.8902 114.5900
2578 -122.9445 91.4900
2580 -151.6973 88.2200
2581 -68.2621 46.9400
2582 -137.0091 112.1300
2585 -159.2320 30.7100
2586 -106.2297 112.7000
2587 -150.1731 29.9000
2590 -156.5645 32.4200
2592 -114.6823 28.1300
2593 -140.4560 54.1700
2594 -143.9202 108.9200
2595 -139.1396 64.4300
2597 -115.1673 51.1100
2603 -52.4307 28.7300
2605 -37.8464 39.4700
2606 -154.5033 50.0300
2609 -167.2343 49.7900
2610 -125.9063 81.3800
2611 -39.8210 12.2300
2614 -149.4629 42.7100
2615 -59.4457 46.6700
2620 -83.5045 96.3500
2622 -167.1823 38.0300
2624 -77.2863 39.0200
2625 -38.0542 10.9400
2626 -76.4895 51.4100
2628 -90.2078 89.2700
2632 -159.7516 90.4400
2635 -133.1119 35.5100
2637 -128.3140 59.2700
2638 -101.7262 55.8200
2639 -137.5980 24.5300
2640 -130.2712 64.5800
2643 -98.9722 57.2600
2644 -121.9225 51.6800
2651 -150.0518 70.2500
2652 -97.5346 80.3300
2658 -106.5588 116.6300
2659 -132.9387 28.0700
2673 -170.5599 53.3600
2683 -166.2123 86.6000
2690 -73.1293 33.0500
2697 -132.7481 24.4700
2701 -127.5518 87.6200
2702 -141.3740 73.7900
2706 -157.1015 67.1300
2708 -111.0623 109.8800
2709 -145.9294 28.5500
2710 -121.5068 66.5900
2711 -116.8994 26.4200
2719 -83.2794 83.6000
2721 -124.7805 55.4300
2725 -104.6708 76.3400
2726 -53.2621 23.2400
2728 -163.3544 80.4200
2730 -130.0114 79.1000
2731 -104.4630 53.6900
2733 -139.1916 42.3200
2735 -105.0692 90.8000
2737 -68.4353 46.8200
2739 -118.4237 28.4000
2740 -117.5403 58.1900
2741 -168.3255 97.9400
2742 -158.6430 93.4100
2743 -161.3278 41.0300
2745 -92.8059 109.9400
2747 -99.3013 71.5700
2754 -45.4330 14.3600
2755 -130.1673 91.2200
2759 -111.5472 64.7900
2763 -171.3393 73.1600
2764 -43.7355 45.6200
2766 -140.4560 37.0400
2767 -138.3255 65.5400
2775 -103.2332 64.3100
2779 -63.4988 24.0200
2781 -129.0588 94.6100
2788 -87.0207 89.6000
2799 -70.0288 60.9500
2800 -38.2621 42.1400
2801 -143.7123 72.8000
2803 -160.1153 29.7200
2804 -108.2216 70.7900
2806 -111.9283 107.8400
2807 -75.3290 56.7800
2810 -169.7978 101.6600
2814 -160.9121 37.0100
2815 -153.1003 43.9400
2817 -119.3763 35.1200
2823 -65.2309 19.6400
2824 -111.8590 123.1400
2830 -157.8636 58.6400
2834 -121.9572 35.7500
2840 -162.5922 102.8300
2843 -144.3186 103.5200
2845 -24.5439 7.7900
2847 -58.1120 54.5000
2848 -66.3741 58.7300
2853 -90.3983 66.2600
2855 -63.4988 66.0800
2857 -151.8359 92.7500
2861 -77.2863 57.4700
2870 -121.2470 124.8800
2873 -158.4698 86.3600
2876 -119.8786 105.8900
2881 -85.4099 92.8700
2883 -67.1362 46.9700
2884 -119.9999 30.1100
2885 -140.4387 93.0800
2889 -121.9225 128.9900
2890 -55.4099 15.6200
2894 -167.3035 49.2500
2899 -64.3129 53.1200
2902 -161.8128 73.6400
2905 -123.9318 72.2000
2906 -95.9064 58.6700
2912 -150.3290 31.5200
2914 -147.7308 50.3000
2916 -145.7389 56.9000
2919 -138.6026 61.9100
2920 -109.8844 123.1100
2927 -72.9561 78.2600
2940 -76.8879 55.1600
2948 -153.5507 107.9000
2949 -114.5957 88.3100
2953 -138.4294 44.8400
2954 -44.5843 17.1200
2960 -167.1996 60.0200
2962 -138.1350 62.5700
2965 -92.0784 102.4400
2970 -142.9329 62.5400
2973 -118.6142 115.6400
2976 -150.2424 55.3700
2978 -94.4168 62.8400
2979 -124.1050 108.7700
2982 -129.3879 115.0700
2985 -119.4976 32.9000
2987 -127.3960 109.7300
2988 -130.2712 118.8500
2991 -125.8371 106.9700
2994 -64.3302 72.4400
2995 -78.7239 72.7100
2999 -118.6662 63.7700
3003 -170.7504 78.7700
3004 -138.3601 94.7900
3006 -105.9179 116.9300
3011 -127.9156 64.4600
3017 -129.1973 120.7400
3018 -64.5727 37.6400
3020 -75.4676 50.6600
3021 -54.5265 46.7300
3022 -131.2412 69.0800
3024 -135.5888 86.8400
3029 -68.1581 21.4100
3030 -156.5299 107.9300
3036 -168.2562 43.5800
3037 -32.9619 8.2700
3040 -134.7227 109.5800
3042 -89.4110 56.0600
3051 -125.6985 112.9400
3052 -172.8809 55.1000
3055 -73.6489 55.9700
3057 -93.8798 101.6300
3059 -168.6199 94.3400
3064 -167.2689 44.1200
3065 -98.0715 98.9000
3069 -165.7966 102.0200
3074 -131.2066 108.5300
3075 -109.0357 82.1000
3078 -120.6061 85.5800
3080 -127.9849 125.6000
3088 -55.9642 20.5400
3089 -123.1523 34.2500
3091 -67.6212 63.1400
3092 -170.1788 59.1800
3097 -171.3740 68.7500
3098 -62.0265 54.8900
3100 -105.3983 69.8900
3101 -127.4999 58.4900
3104 -126.8070 75.1400
3106 -126.2008 33.5300
3119 -130.8428 105.1400
3127 -128.8336 101.0300
3130 -68.0369 64.9700
3139 -108.5161 112.7000
3147 -144.1454 45.3200
3148 -133.0599 105.3200
3153 -98.2101 88.9700
3159 -18.2910 19.6400
3161 -143.3486 51.7400
3163 -47.0958 8.3300
3165 -125.5253 111.9800
3166 -158.9548 105.4100
3167 -113.1927 127.7300
3169 -142.3267 98.3900
3170 -168.9490 98.6600
3172 -157.8463 88.7600
3178 -169.6765 98.3000
3182 -74.8440 30.9200
3188 -143.9202 29.9900
3190 -58.1466 66.9200
3193 -114.4572 90.1400
3195 -104.2551 66.6800
3198 -66.3741 70.4000
3204 -93.1870 77.8100
3207 -149.7574 103.3100
3217 -152.7366 67.0700
3218 -15.7794 17.2700
3228 -111.9629 96.7100
3230 -136.5414 66.3200
3231 -128.7297 27.9200
3232 -162.3844 38.7500
3233 -168.5680 35.7800
3237 -126.9283 101.6900
3244 -157.0322 37.0700
3245 -61.8533 70.3100
3247 -139.2782 69.6800
3249 -163.9779 89.5100
3253 -77.1477 38.3000
3255 -77.1824 90.3500
3256 -53.6605 11.5400
3263 -162.8694 103.2200
3264 -105.8140 122.3900
3268 -145.3752 34.8800
3269 -151.4029 36.5300
3273 -93.1177 95.8400
3274 -71.2932 51.0500
3278 -170.4040 30.1700
3279 -169.3474 57.1400
3285 -52.3441 28.2800
3286 -43.0600 50.1200
3290 -136.9745 113.6900
3292 -155.4906 47.1500
3295 -144.8902 67.9100
3296 -98.9722 84.8300
3297 -172.2920 92.4800
3301 -37.3441 7.1900
3303 -20.3002 7.0400
3304 -70.0981 54.5300
3306 -137.3382 120.2000
3315 -141.8936 104.1800
3316 -74.0992 29.7200
3321 -122.7366 77.2700
3328 -139.3301 49.7300
3337 -47.5635 44.7200
3338 -146.0680 52.8200
3339 -58.6835 18.1400
3340 -146.5530 59.5100
3343 -107.0784 93.4100
3345 -64.8671 34.7000
3347 -171.9282 68.2400
3348 -133.2331 106.1600
3349 -81.6166 88.3400
3351 -25.3926 6.3800
3353 -145.7909 33.6500
3354 -115.8602 96.1400
3356 -88.2678 69.5300
3357 -100.5311 92.3300
3358 -90.6581 89.5100
3360 -136.7666 79.6100
3362 -103.4237 78.7700
3363 -170.8370 99.8600
3364 -83.5565 80.9000
3365 -83.5392 75.8000
3367 -95.6466 100.8500
3368 -120.5368 114.2600
3374 -128.9202 69.2000
3378 -79.8152 54.5600
3383 -85.2886 80.2100
3384 -112.5172 58.1600
3385 -93.2909 77.5700
3386 -56.6916 59.4800
3391 -102.0900 59.5400
3394 -86.5704 58.7300
3397 -88.1812 81.5300
3398 -152.3902 100.1900
3399 -57.7655 38.6900
3400 -150.8139 89.1800
3404 -45.2425 46.3700
3405 -153.1869 37.1300
3408 -169.8324 44.2700
3410 -29.8960 19.8500
3411 -148.2851 105.7700
3412 -170.8197 99.1100
3414 -123.3428 29.1200
3416 -90.4156 92.6300
3418 -147.4710 38.0600
3427 -156.7550 49.7000
3428 -126.2874 53.1500
3430 -81.5992 72.3200
3432 -165.1384 45.2000
3437 -111.5126 119.3600
3438 -146.9514 33.7100
3439 -131.9514 74.5400
3442 -69.7343 67.0100
3444 -154.1223 79.3400
3446 -55.4792 50.0300
3448 -162.0206 98.3000
3450 -150.1731 37.4600
3451 -17.8580 11.2700
3455 -123.0311 36.6500
3463 -171.1661 80.2400
3468 -118.9433 106.0700
3470 -40.1501 45.7100
3473 -125.6812 63.7700
3475 -106.3683 82.5800
3476 -64.2782 24.3200
3477 -57.5057 32.8700
3479 -158.8855 43.1600
3486 -67.9849 71.9600
3498 -136.6800 64.3700
3499 -128.4525 32.1800
3501 -78.0657 54.6500
3504 -128.7643 92.0300
3505 -93.3602 62.5100
3506 -107.6847 67.8200
3513 -123.1870 26.6900
3519 -56.0334 33.2600
3525 -122.5288 41.2400
3528 -133.4929 34.5200
3530 -58.1293 60.2900
3534 -44.9826 20.6900
3539 -86.3798 72.0500
3547 -119.0646 70.2500
3553 -160.3059 56.5400
3555 -111.9803 109.9400
3557 -107.9445 128.5400
3558 -111.4260 131.1800
3559 -103.0253 66.3500
3562 -142.8809 103.5800
3565 -131.3625 82.4300
3566 -139.2435 83.4800
3568 -144.4225 42.9200
3571 -80.4041 47.1500
3574 -136.8705 57.9800
3575 -171.5645 74.9300
3579 -129.4398 65.4200
3583 -131.8821 102.5300
3584 -155.0576 60.3500
3587 -124.0530 29.0300
3588 -113.6258 88.1600
3593 -150.1557 100.4300
3595 -142.7597 81.6200
3599 -62.8233 14.6600
3601 -112.7077 97.1900
3604 -158.2620 105.3800
3613 -143.4872 43.8200
3616 -146.7608 53.3900
3617 -105.7447 82.6700
3618 -132.1419 120.0800
3624 -82.1189 97.1300
3631 -99.4572 86.6000
3632 -163.5795 89.7500
3637 -158.8509 96.9500
3642 -98.2620 55.2500
3645 -92.8406 98.1200
3648 -169.1396 77.9600
3649 -57.4538 33.8900
3652 -70.8256 79.7900
3655 -94.9884 65.5100
3656 -96.7897 87.2000
3658 -118.0946 127.3700
3660 -130.2539 114.3500
3666 -131.8994 113.2100
3667 -124.3128 79.0100
3670 -114.8729 74.9000
3671 -172.8809 62.4500
3672 -92.9272 63.7400
3675 -113.7297 96.2900
3678 -150.8659 110.9300
3686 -171.1661 81.7400
3690 -63.6893 69.8600
3691 -146.2066 42.8600
3693 -95.6812 77.0900
3694 -119.1685 40.8500
3695 -46.2990 10.9700
3696 -121.4375 62.5400
3697 -125.8371 94.6400
3700 -66.3221 54.4400
3701 -169.7631 67.1600
3705 -142.0842 98.1200
3706 -144.7689 96.4100
3715 -168.4294 66.4400
3716 -109.5380 82.5500
3719 -45.1905 20.9900
3726 -49.3822 42.1400
3727 -138.1696 33.7700
3732 -96.3394 66.7400
3733 -72.0380 75.8000
3740 -138.6373 82.6700
3742 -161.6742 62.7200
3743 -84.3186 83.3300
3744 -117.8694 67.6100
3745 -107.2690 64.3100
3749 -58.8221 37.1900
3756 -158.1407 65.9600
3757 -168.1003 66.8600
3761 -144.3879 56.4500
3762 -104.4456 100.1300
3765 -83.1928 53.3300
3770 -144.1627 88.7300
3771 -139.3994 58.3400
3772 -113.5392 77.1800
3777 -49.6420 49.3400
3778 -118.7701 96.4400
3786 -140.8717 71.1800
3787 -133.2678 95.0000
3789 -131.3451 88.4000
3794 -116.5184 131.4800
3795 -54.5092 19.3100
3797 -156.7550 44.3600
3799 -149.2897 97.0700
3804 -96.5299 83.7500
3805 -88.7874 96.5000
3807 -55.0635 42.0200
3808 -166.8186 53.8400
3809 -75.5196 39.7700
3812 -156.7377 39.2300
3818 -97.0149 105.1400
3819 -135.2077 34.6700
3820 -69.7343 61.6100
3821 -66.8764 41.7200
3822 -151.3336 60.9500
3823 -145.8775 85.7300
3825 -55.4792 16.4300
3826 -165.6407 29.4800
3829 -167.9617 93.5600
3836 -126.0103 31.8500
3840 -76.9399 60.9800
3842 -162.1592 49.2500
3843 -116.2412 127.3700
3847 -133.6835 57.8600
3848 -151.1950 45.7400
3853 -128.1581 44.2400
3854 -142.2054 77.8700
3856 -69.4399 61.4600
3859 -148.4583 111.6200
3860 -88.0600 83.6600
3861 -152.8578 57.2300
3862 -127.9849 112.5800
3863 -151.2470 32.9300
3865 -130.3405 35.0600
3869 -137.8578 26.8400
3870 -115.9295 93.7700
3872 -114.7170 115.9700
3873 -152.6327 86.3900
3881 -165.2077 50.0300
3887 -135.7966 85.9100
3888 -124.1569 64.2800
3892 -75.8660 64.3700
3894 -143.1754 112.0700
3896 -26.4492 15.7700
3897 -161.6049 70.7300
3898 -46.2644 48.7700
3899 -129.9595 104.7500
3905 -165.9179 57.1100
3907 -147.4190 36.8900
3908 -16.6974 7.7000
3909 -152.5807 48.9800
3915 -128.8682 97.7600
3916 -58.5450 51.2900
3920 -164.5841 49.4600
3923 -171.2874 48.5900
3928 -169.5899 100.9400
3935 -139.8324 95.0000
3942 -113.5045 122.6300
3946 -146.6396 114.1400
3947 -63.3949 42.8900
3948 -83.8336 84.0800
3949 -153.7066 97.8800
3953 -104.7920 85.6700
3959 -107.7193 73.8500
3961 -142.2054 43.2200
3966 -156.4433 30.9800
3969 -159.9594 76.9400
3970 -133.9779 56.8100
3973 -166.2816 80.6600
3977 -41.2067 40.4900
3978 -105.7447 82.0700
3981 -133.4929 51.2000
3985 -119.4456 95.1200
3989 -123.9144 32.6300
3990 -41.0508 47.2100
3994 -130.5830 44.9000
3996 -150.3116 109.0700
4002 -29.6709 20.2100
4005 -126.1315 51.8300
4006 -123.5680 38.3000
4007 -50.8025 43.8500
4009 -142.1015 56.6300
4013 -151.7146 74.7500
4022 -78.8105 49.8800
4024 -169.2955 63.3800
4027 -165.2597 80.2400
4029 -113.3833 73.4000
4033 -135.5195 109.7300
4041 -127.7077 122.3300
4042 -134.1338 101.8100
4043 -97.5172 55.9400
4044 -143.9548 62.9000
4046 -112.9676 109.7000
4050 -109.2955 117.4700
4054 -44.1512 22.3700
4057 -81.3914 96.2300
4059 -127.0669 111.1100
4072 -66.3914 38.9300
4078 -136.4722 39.6500
4084 -155.3001 78.2900
4085 -110.5426 57.7100
4086 -135.2597 65.7500
4088 -159.4398 44.2400
4095 -115.7562 23.7200
4100 -130.8255 30.5300
4101 -46.1605 47.5100
4103 -106.2643 125.0900
4109 -93.2563 108.6800
4111 -74.3244 54.2000
4118 -78.2216 60.1400
4119 -40.4965 16.5800
4120 -121.0565 72.9200
4122 -99.8382 59.9000
4124 -158.1407 40.9700
4125 -166.4721 81.5000
4127 -124.9537 35.6600
4128 -158.7816 106.2800
4131 -130.1154 102.1400
4132 -142.6731 82.3700
4133 -132.0207 93.4400
4135 -136.7320 118.8500
4142 -129.5784 43.5200
4143 -52.0842 29.9900
4144 -72.3845 47.1200
4145 -134.2551 58.4600
4146 -119.3244 120.8000
4154 -65.1962 43.8800
4156 -146.5876 53.7500
4164 -131.3451 81.0800
4167 -140.4213 46.4000
4172 -165.6234 68.9000
4174 -50.9584 24.5900
4175 -120.6408 97.7600
4176 -60.7794 60.9200
4181 -169.1742 100.0400
4182 -119.1165 67.4300
4183 -97.8810 68.5100
4185 -153.6373 66.5600
4188 -61.7320 18.3200
4192 -69.8383 26.9300
4193 -134.3936 119.0600
4195 -137.8925 105.2000
4201 -138.4987 38.0900
4206 -151.8359 80.3300
4208 -123.2216 54.4400
4216 -88.9087 92.4800
4217 -40.6004 10.9400
4218 -164.8613 101.1800
4219 -131.2585 63.0800
4223 -115.8255 111.2300
4225 -67.3614 72.6800
4232 -18.4295 18.3500
4235 -75.2251 71.5700
4236 -171.7031 77.3300
4237 -124.4341 77.5100
4238 -89.6881 63.9500
4243 -124.1569 89.9300
4244 -152.5114 89.9900
4246 -126.6512 115.4300
4247 -141.1662 116.2700
4248 -163.3024 100.3100
4253 -155.3001 69.6800
4254 -134.2377 115.9100
4255 -169.8844 88.5500
4258 -108.8278 55.4900
4259 -121.1950 51.3500
4260 -66.4780 22.9400
4264 -150.0518 78.4400
4265 -80.1789 87.4700
4266 -127.4133 108.9200
4267 -134.9133 70.6100
4268 -141.8417 116.0900
4270 -142.0322 87.2900
4280 -66.0103 66.5300
4281 -167.3209 68.2400
4282 -108.2562 112.9400
4283 -104.6535 79.1900
4284 -153.3601 100.3700
4288 -113.0715 73.0400
4289 -88.7008 68.8400
4290 -131.7608 48.2300
4292 -105.0865 98.5100
4295 -21.7725 5.5100
4297 -158.8336 99.4400
4299 -141.1662 32.1800
4301 -71.9168 59.2700
4304 -157.5691 83.8100
4307 -136.3682 30.8900
4310 -130.3059 39.8900
4311 -133.6315 111.9500
4312 -36.3221 8.1800
4315 -50.2136 52.0100
4320 -108.1696 59.8700
4321 -163.4410 36.3500
4325 -75.1905 65.0300
4328 -165.4329 37.1000
4329 -61.9399 55.9400
4334 -124.2435 94.8500
4340 -104.6188 84.4700
4341 -75.1385 71.4500
4344 -145.0980 27.9800
4348 -88.1119 102.5600
4349 -46.5935 19.9400
4367 -83.0369 79.2800
4373 -143.9202 33.0800
4376 -167.8405 44.0900
4379 -82.0323 73.9400
4384 -155.7158 51.2900
4385 -128.6604 34.4300
4387 -172.9155 56.5700
4391 -51.8244 34.4900
4393 -158.3313 67.2800
4396 -58.1466 60.8300
4397 -143.5391 48.5300
4400 -135.5715 114.3800
4401 -77.8233 45.4400
4403 -106.4722 123.6500
4404 -104.6708 71.6900
4405 -73.3371 60.8900
4410 -157.3093 81.3500
4411 -149.5668 44.2400
4417 -129.8555 65.4200
4420 -117.5749 70.4000
4423 -143.6777 63.9500
4424 -137.4075 24.4100
4426 -145.6869 59.6900
4427 -138.1869 94.1900
4429 -139.4167 58.6400
4434 -159.9075 86.3000
4439 -113.0542 26.5700
4440 -163.5795 70.6100
4441 -141.9629 87.8600
4442 -68.1581 34.3100
4447 -111.7724 76.5200
4448 -26.7783 12.4400
4449 -142.3267 27.8300
4452 -159.5784 31.2200
4453 -90.1212 67.4300
4455 -105.5888 62.9900
4457 -128.6431 45.3200
4459 -139.5726 105.5600
4460 -123.2389 66.1100
4462 -168.8451 48.6200
4467 -158.1754 107.3000
4473 -148.3370 95.3300
4479 -103.2505 72.0200
4481 -132.5923 97.4000
4483 -56.6050 34.4900
4485 -52.3094 40.8500
4486 -140.5599 70.9400
4487 -132.6789 54.1700
4488 -48.7413 46.1000
4489 -162.6269 52.9700
4494 -155.5079 55.6100
4499 -127.2054 69.5300
4503 -163.9606 61.8800
4510 -154.3821 37.2200
4511 -151.1950 52.5200
4514 -76.4376 89.4500
4516 -141.2701 102.8300
4519 -79.8325 88.4300
4520 -67.3614 62.2400
4521 -142.3093 54.3800
4522 -134.9306 116.9600
4524 -115.3579 109.4300
4527 -121.9572 101.2400
4528 -134.3763 82.4000
4532 -76.6801 43.7300
4536 -115.5830 131.3600
4540 -143.8682 46.3100
4541 -89.5322 104.6900
4544 -43.1466 31.9700
4545 -143.7643 91.0100
4548 -126.4260 100.4300
4554 -40.2713 42.0800
4558 -163.5449 45.2300
4561 -134.2551 26.3900
4562 -145.7562 111.8000
4571 -50.6293 36.4700
4573 -58.4757 61.5200
4577 -72.3671 25.0100
4582 -170.1788 31.7000
4584 -124.1916 32.4200
4588 -164.0125 96.2900
4592 -166.4375 89.3300
4601 -84.9941 57.4100
4604 -88.5276 79.4000
4606 -171.2527 71.7800
4612 -126.4606 95.4200
4613 -115.0288 126.5300
4617 -118.5276 115.0700
4622 -153.1523 105.7400
4624 -90.7967 69.7100
4627 -79.3995 66.4400
4630 -96.8764 110.7500
4634 -132.6096 25.7600
4636 -139.8671 80.1500
4637 -118.8394 77.6300
4639 -134.0819 94.2500
4644 -132.2978 79.2800
4646 -94.4514 73.4600
4652 -150.8139 100.6400
4654 -128.6950 86.5100
4655 -153.6373 72.8000
4659 -151.3163 63.8900
4661 -145.1327 77.7500
4667 -47.0092 12.8000
4668 -139.3301 55.2800
4669 -129.4225 91.0700
4671 -120.2077 56.2400
4673 -105.7967 123.8900
4674 -144.5611 34.8800
4677 -127.5692 72.4700
4678 -147.8694 99.4700
4685 -146.2239 80.2700
4693 -125.0749 53.6600
4694 -164.6534 81.0200
4700 -86.5184 97.9700
4701 -165.9352 38.8400
4702 -147.6269 101.3300
4705 -137.2170 38.7800
4711 -167.6153 52.2500
4712 -64.5727 75.7100
4717 -129.0588 55.5800
4720 -120.8659 68.0300
4722 -170.7158 87.6500
4723 -161.7089 64.6100
4725 -126.7897 117.1700
4730 -73.9953 44.0000
4731 -154.3128 87.8600
4734 -145.3405 27.7400
4735 -154.0357 43.4900
4737 -130.2712 97.7300
4742 -148.0945 71.0000
4748 -135.2943 60.1700
4751 -87.7309 102.4700
4755 -117.9040 39.2000
4758 -160.0114 41.3900
4761 -145.7216 96.6500
4762 -90.1731 79.2500
4766 -113.9722 90.8900
4767 -165.0345 43.5200
4769 -53.8856 41.6900
4770 -46.8533 27.7100
4772 -129.8555 75.1700
4773 -153.8624 41.4800
4777 -78.2736 45.3200
4786 -57.5577 42.4100
4789 -122.3729 34.0700
4790 -155.0749 35.0900
