2 -36.6339 159.0800
4 -59.1859 163.8800
7 -155.3694 72.7700
8 -97.0149 119.6600
9 -127.6904 37.1900
10 -133.0772 48.0800
11 -157.6038 59.2700
12 -80.7159 21.5600
13 -38.9896 143.9300
14 -72.7482 56.3600
15 -4.2436 143.8400
16 -58.8048 68.2100
17 -153.7932 109.9700
18 -25.2713 74.1200
20 -24.5265 44.1800
21 -71.1373 18.8900
22 -23.0023 84.9200
23 -29.8094 105.0200
25 -23.7298 60.1400
27 -93.2563 104.5700
30 -20.6813 146.0300
33 -126.5126 122.8700
34 -92.1997 59.5100
36 -147.9560 47.7500
37 -14.9480 81.8900
38 -74.6189 151.6100
39 -98.2620 68.6000
41 -16.8187 55.4000
42 -149.4456 66.0500
43 -160.3405 66.5900
44 -20.5254 111.9500
46 -24.7690 83.3600
47 -63.0484 155.3600
49 -22.3614 17.6900
50 -19.6593 117.7700
51 -51.2355 111.7400
53 -148.8394 83.4500
54 -57.9041 65.6300
55 -58.1812 13.1000
56 -73.1293 74.9600
57 -169.1915 97.1300
59 -32.8579 80.5100
60 -51.6512 157.3100
62 -35.3522 141.2900
72 -53.5392 112.3100
75 -68.3313 58.9700
76 -97.0322 105.0800
77 -57.7655 63.2900
79 -109.3994 26.6000
80 -86.4664 23.3000
81 -31.8533 38.3900
83 -149.0126 85.3400
84 -86.9514 47.5700
87 -28.7009 126.7100
88 -15.0173 111.2300
89 -150.1038 28.5200
90 -32.9099 57.5000
91 -21.9111 56.9600
93 -44.6016 101.8100
94 -34.0358 66.9500
95 -29.0993 55.0700
96 -116.0161 127.7900
97 -70.1500 96.2600
99 -46.8533 40.1600
100 -18.8972 147.2000
101 -3.0831 120.2000
103 -1.6801 155.5400
104 -53.4699 30.6800
106 -56.6570 54.2600
108 -90.6408 121.1900
111 -89.4976 43.0700
113 -38.3487 45.8900
115 -15.2078 57.0800
116 -13.0254 84.3800
118 -99.5091 91.4600
121 -32.7713 62.6300
124 -8.7817 145.4900
125 -102.4364 129.6200
126 -128.2274 43.2200
130 -65.4041 148.7000
131 -11.3106 90.5300
133 -35.8545 72.8600
134 -15.0866 132.3500
137 -67.5865 68.1500
140 -9.9423 28.3700
141 -59.9307 137.1200
145 -121.2124 97.1600
146 -20.8372 149.3600
147 -20.1616 81.5900
148 -1.4030 156.4100
150 -42.6616 36.2900
151 -66.0969 40.2200
152 -40.9122 104.9900
153 -45.1039 141.9500
157 -92.9791 34.2800
160 -91.9225 57.7700
161 -26.4492 77.4200
162 -38.7644 68.8400
163 -170.8370 91.5500
164 -24.6478 127.3100
165 -0.3464 122.6600
167 -11.1547 181.1300
168 -73.8567 153.5000
169 -105.7101 42.8900
170 -145.7735 47.2400
171 -59.0473 68.8100
172 -30.1559 67.9100
173 -61.4549 154.5200
174 -19.2610 86.2100
175 -98.5392 20.0000
177 -37.3787 38.0300
179 -58.1466 160.1600
180 -170.5772 60.4700
181 -44.0473 139.7300
183 -14.6882 82.4900
185 -111.6512 92.7500
188 -169.2608 71.2100
192 -1.0912 130.1000
193 -28.1986 153.9500
194 -142.8290 71.7500
195 -148.1292 46.2800
196 -135.1904 57.2000
197 -165.9698 102.3500
198 -27.1766 120.5000
201 -51.5819 30.8300
202 -36.3914 170.4500
203 -36.9457 117.1400
205 -32.5635 54.5600
206 -73.8567 13.8500
207 -35.6120 126.5900
208 -26.2067 62.7500
209 -169.9710 32.9000
210 -0.4330 140.2700
212 -171.0622 54.5900
213 -4.7806 155.6900
214 -78.3775 78.6200
216 -47.8233 48.8000
217 -102.7482 23.1200
218 -153.6199 79.5200
219 -16.6801 45.1400
220 -95.3867 66.8900
222 -139.7978 69.7100
225 -103.5623 98.5700
226 -34.2263 162.8300
227 -35.6120 25.1900
229 -78.1350 61.5200
231 -38.0889 15.3800
232 -87.8868 25.6700
233 -171.6511 87.6800
234 -41.1374 21.2600
236 -1.8187 167.9900
237 -42.9041 128.1200
239 -52.9503 53.8400
240 -31.6801 172.2800
242 -161.2239 103.7900
243 -86.0507 79.9400
244 -32.6154 166.4300
246 -41.2240 69.8000
248 -63.1177 22.4600
249 -19.6593 180.9500
251 -68.2274 88.7000
252 -72.3152 65.4500
253 -7.9157 184.0400
257 -2.4769 148.3400
260 -63.4468 151.5500
261 -158.9721 59.8700
265 -78.5854 45.6200
268 -152.1823 95.2700
269 -0.8314 39.4100
270 -34.8499 139.2500
273 -81.1489 76.7000
275 -97.1188 91.5500
276 -146.4664 59.0000
278 -151.2470 69.8000
280 -151.1257 44.9300
283 -53.1235 116.4800
286 -42.9214 147.3200
287 -3.6894 156.8000
289 -61.0046 23.3300
291 -68.1408 61.3100
292 -50.3348 27.2900
293 -25.5312 38.8700
295 -113.5738 88.1900
297 -97.5346 93.8600
300 -159.8902 42.0200
303 -78.6027 68.3000
304 -172.8982 60.2600
305 -34.1570 111.2900
307 -51.4087 17.9000
308 -35.0750 64.8800
309 -163.0253 86.1800
310 -100.9988 101.0000
311 -53.7644 15.1400
313 -1.5242 174.7100
315 -26.0508 20.7200
316 -135.3809 58.6400
317 -46.5069 62.0000
319 -126.1835 34.4000
320 -111.2701 25.8800
321 -67.4653 133.4600
322 -100.2366 45.4100
325 -51.8418 121.1600
326 -49.8845 157.3700
330 -159.0241 69.6200
332 -33.6374 172.1000
334 -21.8071 144.5900
335 -118.2678 130.7300
336 -98.0369 32.7800
338 -172.8463 75.3200
339 -159.7343 80.5700
340 -19.6767 148.7000
341 -64.2089 36.5900
342 -5.7333 52.0700
343 -92.3209 22.9400
344 -149.4629 43.4300
345 -66.9803 103.5500
346 -80.9584 119.9600
349 -38.8510 48.5900
352 -49.9191 104.8400
353 -6.0970 195.9500
354 -14.1686 69.3200
355 -148.5795 46.1300
357 -143.5564 27.2600
358 -91.3163 124.7600
359 -78.7413 89.3900
360 -102.5923 106.6400
363 -26.7090 46.8500
364 -105.6235 32.7200
366 -14.9307 88.6400
367 -73.6142 112.3700
372 -60.4503 29.6300
374 -27.0034 73.3400
375 -77.2690 100.3700
379 -83.1408 85.5200
380 -82.0323 45.1700
381 -52.2748 120.0200
382 -31.5762 74.8700
383 -32.3729 174.2600
384 -41.6050 111.6500
385 -144.2666 44.9300
386 -44.2032 23.0600
391 -118.1812 86.3600
392 -36.3914 69.1400
394 -161.6396 59.6900
395 -56.6916 112.6700
396 -40.3406 65.1200
397 -9.8903 157.1600
398 -72.4191 155.2700
399 -96.9630 49.7300
400 -55.3579 61.4000
402 -162.6095 62.6600
403 -158.6950 42.3200
405 -33.9145 106.5800
408 -61.1778 102.0800
409 -49.0877 125.5400
410 -150.0691 100.7900
411 -58.3718 32.6900
414 -48.7413 42.6800
415 -40.8602 36.9500
416 -11.4665 23.1200
418 -55.2540 127.3400
419 -123.9491 84.2000
420 -1.0739 82.8500
421 -23.0889 85.8500
422 -170.6811 62.3000
423 -99.4225 118.5500
425 -77.0438 29.4500
427 -93.7413 101.4200
428 -88.4583 61.1900
429 -32.3903 164.0600
431 -86.5184 41.3000
433 -27.0208 31.7600
436 -83.3660 77.3300
437 -94.9018 18.1700
438 -123.0137 90.3800
440 -6.1143 177.8300
446 -86.7782 34.8200
448 -70.8775 17.7800
449 -44.5669 30.2300
452 -121.3336 88.7900
455 -118.1639 91.9700
457 -20.3349 66.3200
458 -155.5253 93.3800
459 -161.2758 105.5300
460 -28.9780 168.0800
461 -147.1592 71.3000
462 -152.3036 75.7700
464 -16.5589 73.2500
465 -43.3545 106.4900
466 -86.6743 66.8900
468 -15.3637 167.5100
472 -11.6744 51.6200
475 -109.4687 21.4700
476 -171.9456 33.0200
477 -63.5161 134.1500
478 -13.7356 67.5800
479 -91.7493 122.9300
482 -62.7540 12.4100
483 -158.3139 104.7200
484 -0.9527 148.2200
485 -60.9353 103.7600
491 -94.5900 123.2000
492 -49.2956 11.3900
496 -67.5173 56.1500
497 -49.7979 65.7500
498 -170.5252 33.7400
504 -47.1131 71.4800
506 -8.3660 74.1800
507 -12.4018 51.8000
508 -82.7424 33.6500
509 -151.4548 71.9600
512 -77.1997 89.9600
513 -93.4988 50.6300
514 -72.6962 145.1600
515 -4.3129 157.0700
517 -93.2043 108.7700
518 -60.7274 138.6200
520 -60.3810 113.0000
521 -117.5230 127.4000
524 -117.2458 114.1400
527 -78.5681 134.2700
531 -22.9503 155.6300
532 -32.6328 70.1900
535 -141.9283 79.3400
537 -43.8395 123.5300
539 -24.2667 159.6800
540 -160.6523 60.1700
543 -10.7390 67.6400
544 -27.5924 111.0500
545 -109.1569 117.4700
546 -87.9214 27.5300
548 -49.0358 128.2700
552 -100.9295 82.2800
554 -25.9122 59.0300
555 -20.4388 43.3100
557 -106.2297 36.6800
558 -122.9791 120.6800
561 -22.3787 78.6800
563 -141.4606 34.5500
565 -38.3141 107.4500
568 -102.5057 100.9100
569 -5.4561 126.3800
571 -17.8926 72.5600
573 -49.2609 12.7700
574 -150.7273 78.8300
575 -73.4757 67.3100
576 -11.3106 28.7300
577 -108.3082 97.2500
580 -157.9329 69.0800
587 -107.8232 41.6000
588 -69.3533 37.4900
589 -160.2192 40.1900
590 -8.9723 38.3000
592 -1.8533 138.6500
597 -150.3809 84.7700
599 -108.9144 132.4100
600 -31.8880 26.7500
602 -169.7285 38.7200
605 -10.1501 119.1200
606 -68.1928 138.7100
609 -50.8718 121.4300
610 -77.7193 98.4800
612 -44.6016 128.9600
613 -62.2170 61.3700
615 -172.1707 42.1100
619 -168.4987 59.5400
621 -105.7101 97.0700
624 -30.0693 161.4200
629 -93.2043 83.9600
630 -117.4364 114.5900
631 -111.8763 97.0400
632 -80.5600 122.9000
635 -155.7331 98.3900
636 -30.1212 179.9900
637 -29.1686 153.3800
641 -78.7413 71.3600
644 -82.0323 56.6300
645 -18.5161 134.2700
646 -81.6339 105.1100
649 -78.8798 97.2800
650 -38.3833 156.5000
655 -110.0576 81.8300
656 -55.7736 125.6300
661 -171.1834 77.4200
662 -90.8140 142.8200
665 -90.8313 106.6100
667 -90.8313 26.5400
668 -42.5923 162.5000
672 -45.1212 151.0700
673 -93.2909 144.3200
674 -74.7055 100.7000
678 -45.8140 124.4900
681 -54.4572 61.1600
682 -111.8244 125.7500
683 -14.2379 28.7900
684 -136.5414 28.1300
686 -89.9653 144.3200
687 -78.5507 88.4600
689 -173.0195 65.8400
692 -51.7725 129.3200
693 -54.2840 22.6700
694 -77.7366 51.4100
696 -74.5842 148.7300
697 -51.4953 72.6800
698 -20.9064 137.3900
699 -153.7239 37.4300
700 -28.2506 154.1600
702 -43.9780 143.8400
703 -62.6847 122.9900
704 -68.7470 82.4300
706 -55.1847 104.0000
708 -58.7355 98.3000
709 -94.8152 22.8200
710 -116.7435 103.6100
711 -73.5969 113.8700
713 -87.6962 29.2700
714 -11.1028 41.9300
715 -159.5784 83.8700
717 -32.5808 55.9100
718 -0.3811 149.2700
719 -24.4053 41.2700
720 -109.5553 28.7300
721 -122.5288 117.4400
722 -162.0206 44.1800
723 -119.2378 83.1200
725 -10.8429 172.1600
726 -44.3937 134.3300
727 -155.8197 82.7300
728 -12.0208 15.3200
729 -88.2332 121.9400
730 -96.6858 106.6100
731 -150.1038 40.4900
732 -89.2724 126.8000
733 -16.5935 35.0300
735 -61.5242 18.8300
737 -95.9237 32.8400
742 -155.8544 69.9500
743 -101.8475 108.4100
744 -82.5519 87.6800
745 -19.7286 60.9800
746 -151.9918 52.0100
747 -61.7320 35.4800
748 -87.0207 128.9600
749 -32.9099 83.1500
751 -109.4514 92.7200
754 -170.2481 101.3900
755 -84.2667 112.7000
758 -153.0657 93.3200
759 -80.0057 36.2000
760 -69.2840 36.0200
762 -30.3984 66.0800
763 -101.5530 106.0700
765 -140.3867 35.2100
766 -61.0738 49.6700
767 -64.9711 66.3200
770 -111.7724 104.8700
771 -70.2020 15.2900
772 -58.7355 67.4900
775 -106.4375 109.5500
777 -53.1928 56.3900
780 -150.1211 54.3200
781 -16.2298 190.2800
784 -96.4433 114.3800
787 -73.0427 117.6200
788 -8.4353 85.3700
789 -146.3624 60.7400
791 -6.4434 32.2700
794 -56.4145 58.4900
795 -61.2817 159.6800
796 -56.8302 164.7500
799 -147.6962 46.7600
800 -62.4422 121.9100
801 -105.1731 121.9100
805 -94.6939 61.2800
808 -62.1997 69.2600
810 -61.9745 98.3900
811 -27.3325 120.6800
813 -81.2008 75.7700
815 -25.6870 31.2800
816 -172.8289 40.2800
818 -36.4780 161.6000
819 -57.9214 137.3900
820 -51.5819 131.4800
822 -99.4918 74.5700
823 -2.9272 121.1000
824 -116.3971 88.7600
825 -160.6696 77.6600
830 -73.3198 75.2900
834 -153.4641 92.0600
835 -102.0900 40.9700
837 -84.4226 81.4700
838 -71.7263 53.4800
839 -164.1684 54.6500
840 -16.7840 57.0800
841 -75.2771 82.9700
842 -164.9479 60.5000
843 -171.4433 80.6000
844 -94.0011 76.9100
846 -149.5495 44.8700
848 -39.7863 142.4600
850 -37.1362 57.5900
852 -9.3014 121.2800
855 -0.4677 142.6100
856 -71.8648 103.1300
857 -57.1073 35.0300
860 -104.1512 84.5600
861 -167.5460 71.9000
862 -112.5865 127.3700
863 -136.5934 30.7100
864 -149.7920 77.5100
865 -93.0484 116.0000
867 -78.4815 54.0800
868 -42.1247 131.3300
871 -23.4180 144.3800
872 -89.5149 110.9900
873 -134.8267 44.4800
878 -102.9214 137.0900
879 -110.6292 23.2700
880 -24.5439 85.3100
881 -114.5611 122.7500
882 -9.4226 86.1200
883 -116.4837 130.5800
888 -149.4283 37.6100
889 -165.2077 36.2900
890 -49.0011 18.6200
892 -43.6316 42.7700
894 -71.0161 131.9300
895 -154.6246 78.2600
896 -149.9306 103.1300
899 -45.8314 134.3300
901 -76.2990 153.3500
903 -105.2424 43.9100
904 -144.6996 32.1500
905 -69.5438 27.7700
906 -116.2412 21.3200
907 -39.9076 58.9700
908 -7.5346 23.4200
910 -59.0473 57.8600
911 -2.6674 133.3700
912 -100.0981 39.6500
913 -76.4203 61.4000
914 -159.6477 98.1200
915 -83.0196 98.3900
916 -92.5634 130.7600
917 -15.6582 50.9000
919 -96.3914 111.0800
920 -90.1212 23.3900
921 -16.3164 16.7900
923 -34.6940 157.4300
924 -163.7527 99.3200
926 -113.7297 120.6800
928 -155.0229 62.5100
931 -88.5796 19.6100
932 -93.3948 67.7000
937 -34.0531 121.1300
938 -84.5092 113.9600
940 -94.8498 66.4100
942 -45.2078 158.5100
947 -69.6304 116.1500
948 -10.0635 176.6300
950 -65.4214 18.5900
951 -15.8834 112.5200
954 -145.7562 63.3200
955 -170.3001 72.5300
956 -150.2077 46.3100
957 -163.4756 68.5100
961 -45.6928 126.1100
962 -47.9965 152.9900
963 -12.6617 164.9600
965 -35.8545 107.3000
967 -73.8914 36.2300
968 -125.0230 120.5900
969 -155.8717 107.9900
971 -4.2783 167.1800
972 -53.6605 144.7400
973 -62.5981 13.5500
974 -61.3683 22.7300
976 -61.6801 150.2300
977 -156.7204 29.0300
979 -111.6685 119.9900
980 -98.4179 47.1500
981 -25.4272 166.9400
982 -60.5889 92.2700
983 -33.8106 158.6000
985 -60.6755 27.1100
986 -22.7252 55.4300
990 -159.1973 105.7400
991 -89.0299 124.4900
992 -45.4503 26.5700
994 -26.7263 161.1200
996 -61.5415 87.2300
997 -22.2575 61.4900
998 -20.4041 110.6000
1000 -115.4964 108.4400
1001 -55.4965 14.9900
1005 -39.6651 17.1200
1008 -55.4272 120.2300
1009 -93.7066 120.6800
1010 -118.7355 28.3100
1011 -97.7770 83.0300
1012 -72.5403 19.1300
1014 -4.6420 110.6600
1016 -58.1293 106.6100
1017 -172.5691 89.2100
1018 -82.3094 77.6900
1019 -102.5923 79.4000
1020 -88.1985 54.6500
1021 -46.9399 113.0600
1023 -29.2205 75.0500
1026 -33.5508 122.9900
1028 -14.5496 120.5300
1029 -37.8810 36.2300
1030 -158.6430 58.1300
1031 -76.4549 63.9500
1033 -117.4883 115.8800
1035 -1.8187 175.8800
1036 -60.5196 99.2900
1038 -69.3360 63.1700
1040 -40.7563 174.3200
1041 -127.2227 122.1200
1042 -58.8741 120.0200
1043 -79.1916 112.4300
1045 -168.8971 52.9100
1046 -79.2263 78.4400
1047 -27.9561 56.8100
1051 -119.2551 90.1700
1052 -32.7713 144.6800
1054 -38.6778 31.9100
1055 -47.4076 30.9200
1056 -146.9167 66.9500
1057 -54.8036 33.5000
1059 -166.8359 101.4200
1060 -48.8972 127.5800
1061 -2.1478 97.4000
1062 -29.7748 63.7700
1063 -160.7735 98.6000
1064 -35.5773 169.3100
1066 -45.1212 72.5900
1067 -7.8984 148.2200
1068 -161.2758 71.1200
1070 -166.5761 41.5400
1071 -72.6443 72.5300
1073 -53.4353 153.6500
1074 -114.0934 85.9700
1075 -92.2516 146.1800
1076 -110.0403 118.2200
1077 -23.2621 137.6900
1078 -6.0623 76.1000
1081 -153.3255 110.8100
1082 -12.4538 60.7100
1084 -16.3164 129.1400
1085 -12.9041 75.3200
1086 -54.2494 29.9000
1088 -8.7644 161.3600
1092 -26.6397 25.9700
1094 -93.3775 72.0500
1097 -61.6454 89.4500
1098 -154.2781 83.2700
1099 -50.3868 41.4500
1100 -90.7967 65.1200
1105 -51.1489 24.7700
1106 -9.7517 42.8600
1107 -54.6997 165.7100
1108 -71.6916 14.1500
1110 -84.7170 117.5000
1111 -14.9134 16.1900
1113 -169.3994 41.3000
1115 -90.7967 75.3800
1116 -172.8636 72.2600
1120 -96.7897 109.5200
1121 -73.1466 150.1700
1122 -105.5888 39.6800
1124 -150.8659 44.7500
1125 -60.6928 49.5500
1128 -6.6859 25.5500
1129 -16.7148 121.7900
1130 -5.2483 100.6400
1131 -154.6592 70.9400
1132 -166.7839 42.4700
1133 -61.7840 61.4600
1136 -17.6501 25.4600
1139 -39.6651 60.8600
1140 -170.4040 86.2700
1141 -85.1327 28.4300
1142 -68.6951 93.6500
1144 -41.2240 62.6000
1146 -39.2321 59.3600
1148 -92.0265 21.5300
1149 -8.5393 149.1800
1150 -102.5750 111.6500
1152 -28.1639 140.7200
1153 -59.9480 107.4800
1155 -33.8799 57.0200
1157 -38.4180 8.0000
1158 -165.8313 86.9300
1159 -5.9065 49.4300
1160 -44.8787 115.7600
1162 -130.2886 49.6400
1165 -90.8833 76.0100
1166 -152.7539 36.5000
1167 -69.4226 14.1800
1169 -85.3059 112.7900
1170 -53.9376 45.3200
1171 -73.9780 110.6900
1175 -163.8567 40.5200
1176 -34.7806 140.7500
1179 -145.1153 69.5000
1180 -139.0876 59.2400
1181 -165.1384 46.7300
1182 -96.6339 44.9900
1187 -58.0773 47.7500
1190 -58.3025 133.1000
1191 -71.6916 86.0000
1192 -160.6350 90.2600
1194 -94.9191 63.8300
1195 -67.4480 40.4900
1196 -172.1881 68.6300
1197 -158.0714 92.1500
1199 -152.3728 47.6300
1205 -92.7713 32.9000
1206 -41.7609 146.3900
1207 -9.1975 35.8100
1208 -26.5704 116.4200
1209 -58.1812 39.6200
1211 -103.8567 89.6300
1212 -67.8983 26.3300
1213 -94.7805 133.3400
1214 -43.9607 172.8800
1215 -34.5900 47.9000
1217 -3.4469 176.7200
1219 -23.4180 25.8500
1220 -96.5992 60.5600
1222 -158.0368 38.9600
1223 -44.5843 39.7100
1224 -63.4815 37.4600
1225 -87.7135 65.0000
1226 -75.4503 78.1700
1228 -56.2240 36.9800
1229 -2.3903 73.9700
1230 -145.0114 65.2100
1231 -80.6639 56.1200
1232 -141.5819 35.4200
1233 -42.7309 22.0400
1234 -151.0911 65.1200
1235 -70.7563 151.1900
1237 -29.1859 51.5600
1240 -56.2759 143.8400
1241 -74.9653 155.0300
1244 -170.6292 88.4900
1245 -52.8464 32.3300
1247 -59.5842 48.5000
1248 -24.6478 57.9800
1249 -26.8302 45.2000
1251 -73.3891 31.5200
1253 -40.4619 166.6100
1254 -12.6443 178.7000
1255 -79.1050 85.0100
1256 -171.9282 91.3100
1260 -33.3949 110.3600
1262 -51.2355 129.0200
1263 -83.8856 63.4100
1264 -148.3024 82.5500
1265 -94.0011 121.4300
1266 -39.8037 101.8400
1268 -60.3637 85.4300
1269 -55.2367 147.9200
1281 -169.8151 97.3100
1282 -68.1755 155.6300
1284 -25.4619 37.9700
1287 -47.2170 145.7300
1288 -151.6800 79.1900
1289 -9.5612 56.0600
1290 -86.1027 122.1800
1294 -89.7747 130.2200
1296 -88.4930 58.9700
1298 -165.0691 49.1600
1299 -166.2296 100.5200
1301 -84.3533 39.1100
1303 -155.7678 36.1100
1305 -122.7366 88.4600
1306 -97.3960 23.5400
1308 -63.1350 41.6300
1309 -89.7401 19.2800
1311 -155.5079 68.4200
1312 -61.8013 53.5700
1316 -96.3394 71.6600
1317 -124.2609 79.2200
1318 -12.8349 166.0400
1319 -106.7666 52.9400
1321 -3.3949 189.6200
1324 -42.4538 175.0100
1325 -9.3360 44.6000
1327 -63.8972 127.6700
1329 -57.6270 140.8400
1332 -91.7493 67.7900
1335 -121.6973 87.4700
1336 -106.2643 48.1400
1339 -111.9976 21.6200
1340 -2.2344 73.3100
1341 -31.5589 161.6900
1343 -125.2482 28.8800
1345 -37.1016 73.0400
1346 -147.1246 80.2700
1347 -74.3417 148.6700
1349 -24.4573 176.3600
1350 -50.8025 49.6700
1352 -24.1108 132.2000
1355 -79.7632 68.0000
1357 -55.1154 133.4600
1358 -137.8232 40.6100
1360 -64.9537 131.0600
1363 -165.7966 34.2200
1364 -73.0253 29.7800
1366 -157.8290 61.0100
1367 -73.2678 105.8900
1368 -97.1188 105.3200
1373 -112.8463 100.8500
1374 -50.8025 159.6800
1376 -134.5495 58.7000
1378 -66.7551 15.5900
1379 -10.5658 27.9800
1380 -61.8013 96.7400
1381 -80.2828 58.2800
1383 -69.0588 34.2200
1385 -164.8613 82.1900
1386 -71.8995 90.8600
1389 -159.3878 75.8300
1390 -60.6928 129.5900
1391 -29.9827 170.4800
1393 -45.0866 126.9500
1394 -94.5727 43.1600
1395 -66.0450 107.7500
1396 -155.5253 92.2700
1401 -16.0566 112.2800
1402 -52.1016 136.0100
1403 -46.6108 77.6300
1404 -118.6835 112.1300
1405 -87.9387 63.5300
1407 -79.5380 27.6200
1409 -48.2563 103.9700
1410 -121.9745 129.0500
1411 -98.9202 43.0100
1412 -168.3255 65.6600
1415 -70.8082 38.3000
1416 -46.6974 11.3300
1417 -170.0749 71.1200
1420 -29.1166 179.0900
1422 -74.2724 55.2800
1424 -14.9480 134.5100
1426 -61.7840 120.7400
1427 -1.2644 85.9700
1429 -117.4883 111.6200
1432 -67.1535 141.4400
1434 -125.8717 116.5100
1435 -160.7562 33.5000
1438 -172.0322 96.2000
1439 -30.1039 43.7600
1440 -167.8751 69.0200
1441 -164.0125 56.9900
1442 -30.8141 181.0400
1443 -90.9872 106.4600
1444 -172.3613 34.5200
1446 -102.9214 19.7000
1447 -17.0439 55.9400
1449 -127.1535 117.8900
1455 -9.4399 158.9000
1456 -46.2297 59.5400
1459 -165.2250 61.2200
1460 -166.1084 69.6800
1462 -13.4065 50.0900
1463 -152.6500 99.3800
1464 -109.3475 29.7500
1465 -21.6339 80.9900
1466 -133.8394 52.7900
1467 -41.8475 24.8000
1473 -46.4376 164.9300
1474 -143.0541 34.4900
1475 -91.8706 23.8400
1476 -97.5172 132.8300
1477 -101.6916 33.9800
1478 -40.2020 81.4700
1479 -171.6858 80.6000
1480 -141.3740 79.4000
1481 -55.7909 60.4400
1482 -26.0335 124.6100
1483 -164.4975 82.6100
1484 -4.6074 47.2700
1485 -166.3509 41.7500
1486 -136.4202 43.3700
1487 -30.5023 51.0500
1488 -4.7460 47.7800
1489 -163.8567 77.5100
1490 -23.3487 132.8000
1491 -32.1997 161.3600
1492 -19.2956 140.3900
1493 -171.0622 84.8300
1495 -51.7551 57.8000
1496 -108.8105 94.3700
1497 -77.8406 115.1600
1499 -59.5150 122.9300
1500 -96.6165 142.3700
1501 -91.4895 39.2900
1503 -3.0485 132.6800
1505 -74.1339 73.7600
1507 -151.5587 95.9600
1508 -80.5253 80.4800
1509 -95.0057 130.7600
1510 -79.5034 28.1000
1511 -35.1616 75.1400
1513 -20.0750 186.5900
1515 -119.2378 21.1700
1520 -91.5588 80.3600
1523 -11.6051 70.2800
1525 -140.3521 67.1000
1526 -91.3510 22.9100
1528 -22.8984 142.5800
1530 -129.0414 121.4600
1531 -142.4825 50.9000
1534 -57.8695 139.1900
1536 -8.5566 150.7700
1537 -46.1258 109.4300
1538 -154.9363 68.5700
1539 -5.0751 74.9300
1543 -104.5496 28.7300
1544 -133.5796 25.7300
1546 -150.7447 70.4000
1548 -16.6974 62.6900
1551 -148.1985 80.6000
1553 -44.8614 43.9700
1555 -16.1605 176.6300
1556 -77.5808 134.9000
1557 -125.1962 124.2200
1560 -8.0369 34.2800
1561 -0.9353 113.3600
1562 -63.7932 143.4500
1563 -5.1097 111.5900
1566 -13.4411 60.5900
1568 -59.6016 145.6400
1570 -76.2470 96.4700
1572 -70.7390 37.9700
1574 -62.8752 47.9300
1575 -44.6362 116.9300
1576 -12.4711 34.4600
1577 -100.1673 90.8900
1578 -137.5634 26.9600
1579 -81.9457 97.0400
1580 -85.3059 86.0300
1583 -158.3313 41.6300
1584 -34.5034 118.7600
1587 -154.7631 55.7300
1588 -20.3349 29.5700
1591 -25.0288 45.3500
1592 -72.6962 37.5800
1596 -98.1235 93.5000
1598 -102.6269 131.8400
1599 -95.4560 51.3500
1600 -101.8128 134.6000
1603 -122.5980 90.3200
1604 -33.8452 41.0600
1605 -169.5726 83.7500
1607 -4.5901 116.1800
1608 -92.5807 114.0500
1609 -10.3406 79.6700
1611 -14.9307 34.1300
1612 -33.0485 154.8200
1615 -17.9446 141.5900
1616 -55.4272 163.1900
1617 -161.5530 81.4400
1618 -0.2598 75.0800
1619 -88.7355 79.7000
1620 -105.6061 117.4100
1621 -147.9733 81.8600
1622 -39.7171 143.0000
1624 -151.1084 102.0800
1628 -20.8718 174.9500
1629 -3.3430 155.4500
1631 -109.6939 105.7400
1632 -16.9573 61.8500
1633 -57.1766 125.9900
1634 -45.2598 101.6600
1638 -154.7112 97.8200
1641 -24.4053 173.5700
1644 -12.1940 189.1700
1647 -2.5635 116.6000
1648 -26.2933 178.7000
1651 -168.6199 42.8000
1653 -74.2032 94.4900
1655 -114.6304 81.1100
1656 -75.3637 64.0400
1658 -46.9572 64.9100
1659 -149.1338 39.8000
1660 -54.9942 12.3800
1661 -121.1604 109.3100
1662 -40.7736 66.3800
1663 -92.5461 113.4500
1665 -106.0392 88.7600
1666 -90.0865 73.7900
1668 -20.7506 43.8200
1669 -5.7333 27.8900
1673 -31.3857 112.0400
1676 -54.9076 54.6500
1678 -8.6605 153.4100
1681 -58.4757 35.7500
1683 -145.2366 50.1500
1686 -55.2367 125.0900
1688 -45.3810 8.7500
1689 -15.9700 111.3500
1690 -96.4606 140.5700
1691 -149.2377 81.9500
1693 -65.4214 23.9300
1694 -49.6939 23.1800
1698 -26.9688 173.8100
1699 -85.6350 44.6900
1700 -25.2713 83.6900
1701 -2.8926 189.1700
1705 -18.4295 14.8400
1712 -164.3243 60.4400
1713 -93.6027 32.4800
1714 -83.3487 59.2400
1715 -30.2944 48.7700
1716 -29.3071 72.9200
1718 -37.2401 130.7900
1722 -118.5796 79.1000
1723 -71.4491 95.9000
1730 -26.2933 70.3400
1732 -90.3463 141.5600
1733 -171.7724 70.7000
1734 -162.0899 54.5900
1735 -68.0542 14.4200
1737 -86.3452 54.7400
1738 -58.2678 157.3700
1739 -31.3337 122.6000
1740 -51.2528 48.7400
1741 -9.7171 124.4600
1743 -47.2170 48.2900
1744 -67.1016 22.0400
1745 -54.4572 120.1100
1747 -81.9976 134.9900
1751 -137.4421 41.9300
1752 -154.0876 71.9600
1754 -9.6651 168.1700
1755 -138.7412 34.7000
1756 -90.2771 23.0300
1760 -7.4827 74.3900
1761 -97.6558 26.6900
1762 -47.1824 154.2800
1763 -164.4283 32.7200
1765 -69.8902 98.5100
1766 -67.9676 50.1200
1767 -140.9756 29.2400
1768 -57.4191 67.7000
1769 -45.6062 14.1200
1770 -47.4595 151.9700
1772 -77.9445 65.0600
1775 -61.5069 136.9100
1776 -32.1478 117.2900
1778 -115.8602 129.2600
1781 -6.0450 184.0400
1783 -68.1408 96.7700
1786 -30.7621 70.8500
1787 -80.3521 21.3500
1788 -7.5000 90.0800
1789 -115.1327 125.0600
1792 -0.9873 180.1100
1795 -5.8718 190.3700
1796 -56.5877 60.2600
1800 -25.7563 61.5500
1801 -76.9399 132.1700
1802 -69.4399 131.6900
1804 -135.9872 54.8600
1805 -81.5646 139.1900
1806 -16.2125 59.4800
1808 -48.8625 22.5200
1809 -20.3175 17.7800
1810 -29.8268 154.9400
1811 -74.8094 72.5300
1812 -67.8983 111.9500
1813 -36.3568 139.0400
1814 -51.1489 162.9200
1816 -117.1419 20.9900
1819 -97.4653 22.3100
1823 -18.3256 112.1000
1825 -76.9572 20.7200
1826 -166.1950 79.5200
1827 -55.3926 31.6100
1830 -114.2840 95.1200
1831 -42.7309 138.2900
1832 -44.0646 172.7600
1833 -160.8601 66.1100
1835 -19.2090 81.8900
1837 -106.6627 46.0100
1838 -75.3637 69.3200
1839 -52.8810 26.7800
1840 -19.7113 30.1400
1841 -118.7181 104.5100
1842 -156.9109 67.2800
1845 -113.3659 24.4100
1847 -2.8406 100.2200
1849 -86.1547 92.3600
1852 -158.3139 101.2400
1853 -65.1616 160.2500
1854 -27.6790 146.3300
1855 -162.1592 75.4400
1856 -85.9295 144.4700
1857 -81.4607 94.5500
1858 -53.6605 65.4800
1859 -84.6824 22.4000
1860 -132.0380 37.5500
1861 -6.8072 72.1400
1863 -39.6131 51.8900
1865 -39.1628 151.3700
1870 -145.8255 42.8300
1871 -49.1224 114.9500
1873 -68.5219 81.8300
1875 -16.0046 41.9900
1876 -166.6973 67.7000
1878 -22.7771 57.0500
1879 -124.3301 27.7100
1881 -57.6270 65.1800
1885 -57.8695 17.3600
1886 -147.7308 49.2200
1887 -156.6165 31.7300
1889 -135.4156 55.3400
1890 -18.4815 46.7300
1893 -60.8140 162.9500
1895 -56.8302 132.2000
1896 -32.9445 116.8700
1898 -38.6605 171.9200
1900 -34.3129 69.0200
1901 -104.0472 133.5800
1902 -108.2562 46.6700
1903 -162.9040 81.7700
1906 -30.7275 130.0700
1907 -141.2528 26.5400
1908 -39.9076 129.8900
1910 -58.8568 149.1800
1911 -167.1650 100.9100
1913 -63.8106 47.9300
1914 -75.5715 40.2500
1915 -74.4630 99.8600
1917 -50.7332 143.8700
1918 -93.4641 60.7400
1919 -166.7493 45.3500
1921 -79.0877 140.9600
1922 -62.0785 128.3600
1923 -16.3510 52.1900
1924 -98.1061 89.8400
1925 -153.4294 62.5700
1927 -72.4018 114.2300
1929 -146.8994 56.8400
1934 -58.7702 20.6900
1935 -39.6304 108.6200
1936 -126.6858 87.4100
1939 -150.4675 72.5000
1941 -32.7367 44.2700
1942 -80.1096 93.2300
1943 -94.5727 102.5900
1944 -6.9804 168.9200
1947 -15.9180 80.8400
1950 -37.0669 166.9400
1954 -41.5358 116.3000
1956 -14.2725 66.3500
1957 -37.7078 137.2400
1959 -169.9363 52.7000
1960 -37.2575 123.8000
1964 -120.4676 83.7200
1965 -143.5738 85.5500
1968 -87.0900 80.0000
1970 -35.9064 117.8300
1971 -46.1431 164.8700
1972 -39.4226 149.3600
1973 -67.8117 65.8400
1975 -162.0553 82.1600
1977 -6.0970 28.5800
1978 -86.1373 24.5000
1979 -63.8798 132.2900
1982 -1.8360 81.9200
1983 -63.6374 140.2400
1985 -94.2436 107.1200
1986 -17.3556 7.0400
1988 -41.6224 78.2300
1989 -153.0830 84.2600
1991 -39.2494 20.4200
1992 -54.4399 29.3900
1994 -109.1396 124.0100
1996 -7.9850 87.8900
1997 -165.6234 87.7400
2000 -41.2067 26.1800
2003 -113.7297 124.5800
2004 -172.1015 82.6400
2005 -101.7262 25.7600
2012 -57.7829 41.1200
2013 -73.5623 150.3800
2014 -70.7909 38.9000
2015 -18.3776 17.7200
2016 -18.6374 6.8300
2017 -169.8497 88.3700
2018 -45.0692 11.9300
2021 -72.6616 149.4500
2022 -35.4041 152.9900
2026 -81.9803 58.2500
2028 -27.8868 58.2800
2029 -83.6604 137.0600
2033 -82.1708 52.4600
2034 -145.7216 75.5600
2038 -95.7678 97.7300
2039 -152.9791 29.4200
2040 -122.7020 125.0300
2041 -48.0658 100.6700
2044 -90.4849 34.0400
2045 -41.6916 151.1300
2046 -48.8452 50.1500
2047 -76.3510 75.1700
2048 -18.8626 133.5500
2049 -88.6316 128.3300
2051 -152.1477 109.3700
2055 -165.9698 96.4100
2056 -53.6258 62.0000
2058 -137.9098 53.5100
2061 -21.9630 83.9900
2062 -108.4121 38.8100
2063 -89.1339 122.4500
2064 -76.6974 42.2300
2069 -37.4826 22.4300
2071 -30.9873 113.9900
2072 -22.9676 72.6500
2073 -66.6859 145.8800
2074 -160.0634 56.6600
2075 -8.0543 159.5300
2076 -91.1431 116.3300
2077 -3.8279 73.1300
2080 -16.0046 188.6600
2081 -49.2436 107.7800
2082 -77.0784 103.0100
2083 -34.2956 128.0300
2092 -42.4884 12.0800
2096 -152.2516 109.5500
2097 -96.4780 140.0900
2099 -66.1489 137.3900
2101 -109.7285 21.3800
2103 -41.8995 114.8900
2104 -27.1074 138.0200
2105 -6.9977 91.4600
2108 -168.5333 49.0100
2109 -131.3278 38.5700
2110 -17.7367 125.3600
2111 -3.4642 119.8100
2113 -29.2898 142.4300
2114 -59.6016 96.5000
2115 -170.7851 30.4100
2116 -132.6615 36.6800
2117 -163.8220 90.4100
2120 -19.4342 138.2600
2121 -20.9238 175.9400
2122 -13.9607 160.5800
2123 -118.0599 113.9300
2124 -9.1455 75.4100
2126 -113.2793 21.4400
2127 -134.2724 54.5600
2130 -142.8463 74.8400
2131 -145.9467 30.8900
2132 -87.4884 99.9800
2133 -53.8510 164.7200
2136 -84.2840 93.6500
2137 -16.0219 121.0100
2140 -148.4929 38.5100
2143 -44.4630 148.1000
2144 -6.4781 85.9700
2145 -13.0081 131.1200
2146 -72.6096 75.0200
2148 -85.2366 87.0200
2149 -76.7667 20.2400
2150 -147.2285 42.9500
2151 -153.0310 61.9100
2153 -89.8787 53.6900
2156 -132.9387 26.2700
2157 -65.9237 26.9300
2159 -64.3822 159.1700
2160 -8.4700 183.3200
2161 -75.2944 56.2100
2164 -67.8810 86.5400
2168 -67.9849 103.0700
2171 -81.4780 132.2900
2172 -8.9723 48.4100
2173 -111.5992 95.9600
2174 -67.7424 92.9900
2175 -138.9317 48.5300
2177 -78.9838 124.1300
2178 -4.9711 121.8200
2179 -19.8152 127.4900
2181 -64.4861 112.4300
2182 -136.5414 42.4100
2187 -23.4700 32.0000
2188 -151.7666 77.4800
2189 -150.1557 35.0900
2190 -22.6905 9.9500
2193 -119.6535 121.4900
2195 -77.0784 40.9400
2198 -33.2044 168.2000
2200 -168.6199 30.2600
2203 -64.1397 34.7900
2205 -37.4826 137.8700
2207 -80.9930 29.9600
2208 -134.3763 32.7200
2211 -60.6408 141.6500
2215 -8.8857 71.0900
2216 -29.9134 172.0100
2217 -22.3094 175.3400
2218 -48.0658 72.4100
2220 -47.0785 118.1300
2222 -66.6339 153.7100
2223 -22.6905 43.8200
2225 -27.8175 158.3000
2226 -78.7586 108.3800
2227 -87.9387 15.5900
2228 -165.6407 53.3900
2229 -97.9676 142.7600
2231 -22.8810 150.3500
2233 -93.2216 79.0700
2234 -20.7332 35.2700
2235 -71.1547 81.9200
2236 -13.7875 35.3000
2237 -80.7159 78.7400
2239 -82.7597 62.1500
2240 -47.1478 157.9700
2241 -163.7008 32.2400
2243 -161.1373 64.6700
2245 -16.7667 75.1100
2246 -92.5461 114.6500
2248 -59.0993 106.3400
2251 -152.1303 110.1500
2257 -48.7240 107.3000
2261 -117.1419 124.2200
2262 -93.1697 120.2600
2263 -139.3648 35.7800
2266 -94.5900 76.1300
2267 -88.5450 23.7200
2269 -79.7112 118.7600
2270 -144.1280 44.8400
2271 -31.8187 116.9900
2272 -100.7563 75.2600
2273 -39.2321 19.7900
2281 -32.0785 77.3900
2283 -95.7678 20.3900
2284 -38.3833 125.0600
2287 -61.2990 149.5100
2290 -10.2021 74.9300
2293 -60.5369 62.4200
2295 -128.6257 114.5600
2297 -10.9815 35.3900
2298 -79.9711 60.7100
2301 -92.1824 134.6600
2303 -49.2263 75.3800
2304 -89.3244 48.1700
2306 -46.0392 32.8100
2307 -18.7760 77.6600
2308 -108.5334 86.9300
2309 -10.5312 79.7000
2311 -30.3810 162.6500
2312 -154.6592 61.6100
2316 -89.9306 122.2100
2317 -35.5773 103.7000
2321 -104.8787 30.2300
2323 -68.4179 124.3100
2324 -58.4411 131.8400
2325 -43.2852 120.9500
2326 -125.7158 110.2700
2327 -53.0889 63.2000
2329 -36.2702 102.8900
2330 -13.8395 55.8200
2331 -75.9006 101.9600
2332 -135.5022 34.9700
2333 -117.7135 23.8700
2336 -40.3060 161.9900
2340 -159.8728 77.5100
2341 -119.3937 97.7300
2342 -88.8221 74.4200
2343 -64.8671 132.2300
2345 -42.2979 111.0200
2346 -0.2771 155.6000
2347 -80.4907 139.8200
2348 -123.4814 84.5300
2351 -23.4180 145.0100
2353 -79.4861 137.9600
2354 -1.7667 156.2000
2355 -48.8279 138.4100
2357 -136.8532 59.3300
2359 -42.9561 156.2000
2360 -4.0012 100.9100
2361 -32.5981 18.9200
2362 -64.0704 48.5600
2363 -125.5772 121.9700
2366 -19.2090 131.5100
2367 -73.6662 154.1900
2368 -140.3521 45.0800
2369 -154.9363 72.2300
2370 -27.5577 117.7100
2372 -150.7273 29.6900
2373 -81.3741 120.1400
2374 -12.5750 123.8300
2375 -25.4965 156.3200
2376 -153.8624 30.2600
2378 -72.9561 23.3000
2379 -37.3441 125.1500
2381 -14.6362 68.8700
2382 -59.0993 69.9500
2385 -53.1755 132.5300
2386 -110.5253 25.4300
2387 -91.9399 19.5500
2388 -67.7251 20.8100
2390 -69.4052 35.3000
2392 -32.5635 105.5300
2393 -98.5392 71.8700
2394 -32.3903 174.3800
2395 -157.2574 76.6400
2397 -35.0404 163.9400
2398 -172.7077 92.4800
2400 -144.1107 63.6800
2401 -62.4422 49.8800
2403 -85.6870 72.3800
2404 -7.9677 188.9900
2405 -126.7204 25.9100
2407 -94.3128 19.2500
2408 -109.9364 122.6900
2409 -56.4318 132.3800
2410 -147.8174 88.3100
2412 -95.2309 71.0000
2413 -27.0034 12.4700
2414 -165.2597 55.2500
2415 -130.5137 45.2300
2416 -98.9895 36.3200
2419 -144.5611 32.9600
2422 -81.4780 50.9600
2423 -117.8348 92.1500
2424 -66.9976 124.8200
2425 -102.6616 120.8600
2427 -23.3141 85.7900
2429 -18.8106 28.1900
2432 -129.8036 123.0800
2435 -36.7898 20.2400
2436 -44.9307 44.8100
2438 -48.7933 124.9700
2440 -74.7574 96.1700
2442 -93.8625 126.6200
2443 -76.1258 122.1200
2449 -96.7551 132.4100
2452 -147.3497 38.2100
2455 -159.4744 103.1000
2457 -29.6189 125.6300
2458 -159.8209 55.9700
2459 -169.5379 43.1600
2460 -15.3291 59.8400
2461 -79.3302 66.2600
2463 -19.3649 176.6900
2464 -9.0935 151.1900
2465 -68.4179 45.9800
2466 -5.5427 81.2600
2467 -92.6674 27.1100
2468 -110.6639 101.0000
2469 -48.9145 149.4500
2470 -1.8360 134.3600
2472 -99.8556 87.5600
2474 -151.9571 86.3300
2475 -5.3522 80.2100
2476 -152.2862 106.2800
2477 -64.5554 120.7100
2479 -16.9573 130.1000
2481 -151.0391 52.4300
2482 -73.9260 105.7700
2483 -15.7968 39.5600
2484 -12.0035 84.4400
2486 -120.7793 121.6100
2488 -92.3209 100.0400
2489 -39.3360 124.1300
2494 -83.5392 123.8300
2495 -38.7990 146.0900
2496 -158.2100 101.7500
2497 -78.7759 117.5900
2500 -85.6523 34.3400
2502 -70.5831 55.7000
2505 -32.6154 112.1900
2511 -167.7192 35.5400
2512 -104.2551 97.4300
2514 -147.9733 41.7200
2516 -71.6223 107.3300
2519 -79.2089 83.8400
2520 -64.4514 38.8700
2522 -83.7124 63.7700
2523 -59.4630 109.0700
2524 -32.8926 76.4900
2526 -150.1384 61.0400
2527 -53.5392 118.3400
2529 -103.2505 37.4900
2530 -78.1524 96.3200
2532 -24.2494 147.0500
2533 -118.1465 112.6700
2541 -20.4734 19.8500
2542 -33.8106 55.3100
2544 -87.0727 55.4300
2545 -9.8903 31.4600
2546 -155.8717 53.9600
2547 -143.4872 86.0300
2548 -168.7758 75.7700
2550 -106.1777 136.4000
2551 -1.2471 174.2000
2552 -86.3798 125.8400
2553 -81.3741 47.7800
2554 -171.3913 75.2600
2557 -33.1004 67.8500
2561 -0.9007 120.7100
2564 -106.3856 113.6600
2565 -12.5577 21.0500
2567 -38.1062 156.9800
2569 -109.8498 110.8100
2570 -24.0935 7.9700
2572 -79.8671 35.2700
2575 -140.6292 62.6000
2576 -13.6836 28.3100
2577 -97.4133 87.9200
2580 -92.3209 144.7700
2581 -41.4145 60.2900
2586 -97.0322 63.3800
2587 -10.0635 170.6600
2590 -68.9895 91.0700
2593 -101.7782 25.9700
2595 -130.9468 43.6400
2598 -115.2193 82.9100
2600 -79.4341 133.4900
2601 -155.4213 83.5100
2603 -97.5172 141.6800
2604 -5.6466 115.3100
2608 -9.3707 42.0800
2609 -94.4514 17.9300
2610 -122.3729 117.1100
2612 -154.8497 32.9600
2613 -28.9087 57.4700
2614 -101.7089 104.7500
2615 -164.7920 73.1600
2616 -161.5876 75.8000
2618 -152.3902 73.2500
2619 -30.2598 175.4300
2620 -83.5045 18.5000
2622 -155.4213 44.8400
2623 -53.1062 102.6500
2624 -130.8602 34.5200
2626 -27.7656 68.6000
2628 -53.8337 121.7000
2630 -22.0150 15.0500
2631 -80.2828 84.1400
2632 -98.3660 94.6400
2633 -151.8186 108.2900
2634 -67.2921 158.9600
2635 -10.7390 114.9200
2636 -31.2471 69.8300
2637 -45.8314 133.6700
2639 -102.1593 82.2800
2640 -54.8210 100.0400
2641 -94.4341 41.6300
2642 -9.9076 174.8900
2643 -95.8717 60.0200
2648 -39.0935 68.3600
2649 -74.6882 153.8900
2650 -111.0969 84.6200
2651 -51.5646 56.9300
2655 -126.8936 114.6500
2659 -116.4318 122.6900
2660 -79.0704 93.4400
2662 -20.2482 27.4100
2663 -154.2262 83.7200
2668 -64.7113 33.3800
2669 -94.9191 37.8500
2670 -137.1996 56.5400
2671 -39.0762 37.1000
2674 -85.9468 69.4400
2677 -10.4965 154.4300
2678 -97.2228 114.2600
2679 -44.6882 106.6100
2682 -5.5600 117.0500
2684 -35.2656 174.1700
2685 -144.9941 90.1400
2686 -46.3510 142.5200
2687 -31.9053 51.5300
2688 -12.0208 29.0600
2689 -25.1674 147.7400
2690 -118.9779 98.7800
2691 -88.2159 42.1700
2692 -155.3174 51.8900
2693 -58.7182 139.4300
2694 -30.7101 70.1000
2697 -54.3360 20.9300
2698 -145.9987 93.3200
2700 -70.0115 35.4200
2703 -8.1235 166.0700
2704 -18.1004 48.6800
2705 -23.4180 8.8700
2707 -137.3209 54.3800
2708 -38.2621 24.1400
2710 -117.7135 121.2500
2711 -121.6973 78.0800
2712 -48.7067 157.2200
2713 -82.1708 25.5800
2714 -91.5934 128.1500
2716 -157.7597 33.4400
2720 -102.2459 119.3600
2722 -10.7217 119.0900
2723 -6.9457 32.8400
2724 -92.8232 89.9300
2725 -31.2990 124.8800
2726 -146.6049 90.6500
2727 -99.1974 96.1700
2729 -79.5207 144.0800
2730 -157.4479 80.3300
2732 -70.8429 141.8000
2734 -70.3752 51.6200
2735 -104.6535 100.9100
2739 -172.1707 46.4600
2743 -49.3649 56.7800
2744 -27.5057 24.3200
2746 -93.7239 119.9000
2747 -87.3844 15.9500
2748 -11.4319 31.0700
2749 -79.5034 114.6800
2750 -35.9238 41.9000
2751 -40.8776 128.5700
2752 -5.6293 166.4600
2753 -52.2228 129.0800
2754 -123.1350 81.4100
2755 -24.2148 31.8800
2756 -9.2148 53.9600
2758 -164.5322 83.4500
2760 -47.0265 45.9500
2761 -79.8325 111.6800
2763 -35.9930 148.9700
2764 -111.1662 130.4600
2767 -145.7735 28.4300
2768 -115.8948 100.7300
2769 -97.8463 34.2800
2771 -114.5091 80.3600
2772 -23.5912 48.1100
2774 -48.6720 56.1800
2777 -100.8429 84.2900
2781 -21.5127 30.3200
2783 -6.7032 165.5300
2784 -117.6442 118.6400
2785 -59.6362 128.3600
2787 -142.0495 74.0300
2789 -112.9329 85.4000
2790 -24.2321 132.1700
2792 -9.0416 54.0800
2794 -36.8244 46.8500
2797 -145.0114 63.8000
2798 -79.2609 60.8000
2800 -165.7100 63.7400
2801 -112.8810 123.2900
2802 -38.8337 8.6600
2803 -58.6662 70.8500
2804 -7.1189 170.7800
2808 -14.7055 26.1500
2809 -76.5242 44.3600
2812 -103.0080 98.0300
2813 -20.1790 11.0900
2816 -79.6073 50.0900
2819 -142.8290 70.3400
2821 -109.7978 105.9200
2822 -86.7609 118.7300
2823 -2.8406 87.5900
2824 -50.7679 102.9200
2827 -44.9480 165.4400
2828 -68.1755 117.8000
2832 -0.7968 148.2800
2833 -167.9617 73.8800
2834 -24.3533 4.8800
2837 -152.9964 49.1300
2840 -56.3972 110.0600
2841 -114.8036 99.8600
2842 -5.3002 178.1900
2843 -118.0080 113.0600
2844 -27.6097 151.7600
2845 -156.4606 43.7000
2847 -26.8129 179.9000
2850 -25.5138 75.2900
2851 -33.0311 130.0100
2858 -66.5992 20.4800
2860 -71.0334 87.3200
2864 -82.1015 34.1900
2865 -29.1859 175.1900
2866 -119.7574 77.8100
2867 -77.6327 13.9700
2869 -154.0357 56.5700
2870 -23.0889 108.4400
2871 -91.2124 44.1500
2872 -5.5081 161.8400
2874 -137.1477 49.6400
2876 -130.4271 122.1200
2877 -36.1489 67.7600
2878 -77.8059 29.7500
2879 -101.1720 106.7600
2881 -75.3464 117.6500
2882 -10.1328 118.5800
2883 -49.6073 148.2500
2885 -31.8187 35.3000
2886 -88.2159 39.7100
2888 -13.6143 26.3600
2889 -78.7932 108.9800
2891 -161.5703 76.6100
2892 -110.1789 89.3900
2893 -39.5785 71.8100
2896 -103.6489 38.3300
2898 -159.1973 80.3600
2899 -99.2493 53.0900
2903 -139.2262 59.6000
2904 -97.9849 122.3000
2907 -156.8243 70.5800
2909 -71.7782 12.9800
2910 -38.2967 31.4900
2911 -98.2447 32.9000
2913 -92.9445 98.6600
2914 -142.2227 65.4800
2916 -169.9537 50.7800
2918 -168.7931 87.5300
2920 -96.9456 27.6200
2922 -116.2239 80.7500
2923 -34.6940 50.8400
2925 -131.3625 51.2000
2927 -37.0843 33.1400
2928 -14.1166 66.0800
2932 -57.8521 51.6500
2934 -20.5081 74.1500
2935 -111.8937 25.2200
2937 -10.7563 20.9600
2939 -66.7898 88.0100
2940 -102.5576 79.1600
2942 -150.9525 60.5000
2943 -70.1674 54.2600
2944 -140.0403 56.9300
2945 -161.1373 83.3300
2947 -139.0703 64.3400
2949 -83.7644 61.7300
2952 -151.1430 36.5300
2954 -43.2332 115.6100
2955 -63.7932 107.9000
2957 -6.8764 52.3400
2958 -115.2539 113.0000
2961 -102.5576 86.8700
2962 -166.0564 33.1700
2963 -64.5900 54.8000
2964 -25.0462 47.0900
2967 -170.0403 97.2200
2968 -77.0784 145.9100
2969 -21.8071 74.9000
2971 -147.6269 93.6800
2972 -116.7609 117.2300
2973 -160.5657 54.9200
2974 -157.8809 75.3800
2977 -59.6189 122.9600
2978 -164.2377 51.9800
2981 -44.9134 121.1300
2983 -86.3105 109.9400
2984 -56.3799 118.7000
2986 -117.1073 95.6900
2989 -163.4236 54.6500
2993 -77.4768 137.7500
2994 -13.8914 34.7000
2995 -108.7586 34.3100
2998 -111.0969 52.3100
2999 -108.5507 51.6500
3000 -41.8475 129.0200
3002 -12.5404 183.8300
3004 -67.3440 100.0700
3006 -83.1062 47.6900
3007 -162.2804 100.3100
3008 -1.1085 118.6700
3011 -129.4572 121.3400
3014 -158.0195 45.9800
3016 -13.3372 165.7400
3017 -20.6466 149.0300
3018 -7.2055 49.1600
3019 -163.5449 68.0000
3021 -44.6016 49.9700
3022 -67.5865 51.0800
3029 -65.5253 118.0100
3030 -154.4167 47.6300
3031 -51.0623 12.7700
3032 -73.8048 143.3600
3033 -171.4259 39.8300
3037 -2.8233 32.9600
3038 -143.1234 81.8600
3040 -60.0692 128.8100
3042 -82.4480 101.1200
3043 -50.0057 126.6800
3045 -85.9122 17.3600
3047 -39.0762 159.7100
3048 -60.1732 69.6200
3055 -1.3684 136.2200
3057 -100.3925 43.5500
3059 -86.6570 62.1500
3060 -53.0715 127.4900
3061 -6.0797 138.5900
3063 -146.2585 30.0200
3064 -107.1650 53.4500
3065 -120.9006 95.3900
3066 -76.0045 71.2400
3067 -62.7367 20.2400
3070 -9.6998 72.1400
3071 -78.8105 119.3300
3072 -171.4779 60.6800
3074 -101.8128 52.4300
3079 -90.0692 114.7100
3081 -69.7863 110.9300
3084 -86.0507 141.8600
3086 -16.5762 112.3700
3088 -75.8833 46.1000
3089 -75.5369 146.1800
3090 -149.7400 89.9000
3091 -44.4110 54.5300
3095 -86.2932 135.8900
3096 -93.9145 78.2000
3097 -22.2402 113.6900
3101 -19.2090 183.1100
3102 -69.5438 149.9600
3105 -155.3520 105.5000
3107 -28.4411 174.2900
3108 -46.9399 169.3100
3109 -96.5126 78.7700
3110 -138.0137 46.9100
3111 -61.0565 95.9900
3113 -98.5565 49.7000
3114 -57.9734 113.9600
3115 -133.4237 27.2300
3118 -17.4942 80.2400
3122 -50.7332 149.6900
3124 -75.9179 84.9200
3125 -117.8694 105.6800
3127 -58.1293 154.9400
3129 -150.4329 38.2100
3130 -2.5635 83.8400
3132 -28.2332 149.4500
3133 -151.7320 61.5200
3134 -148.1292 54.7100
3135 -109.7285 114.8300
3136 -97.3094 27.3200
3137 -22.5519 158.8400
3138 -68.3833 138.8900
3139 -79.2263 73.2500
3142 -6.3914 116.9000
3144 -107.1131 112.4600
3146 -82.1015 84.4400
3147 -13.2506 89.0900
3149 -54.8036 97.1900
3156 -81.1662 102.9200
3157 -25.0462 106.7300
3158 -164.6707 73.4900
3161 -169.0876 89.0300
3162 -54.7170 123.0500
3164 -99.5957 127.1600
3166 -53.3833 27.1100
3168 -53.0542 103.4900
3170 -17.9619 183.1700
3171 -37.2921 80.4500
3173 -79.1223 63.2900
3176 -6.0970 119.6600
3177 -73.5450 29.8400
3178 -159.7169 33.6500
3184 -172.8636 61.6400
3186 -165.5541 79.7600
3187 -25.2367 60.5900
3189 -63.4122 97.5500
3191 -151.3163 52.9700
3193 -71.1027 130.0400
3195 -18.8626 31.3100
3196 -165.9005 46.1900
3197 -71.0334 93.8600
3199 -158.7296 83.9300
3200 -169.3994 56.5700
3210 -33.1870 172.0100
3211 -6.1836 125.3000
3213 -46.2990 119.9900
3214 -11.1374 30.1100
3215 -58.6143 138.6200
3217 -31.1605 159.0800
3219 -52.0669 161.0900
3220 -21.6339 141.9500
3228 -15.1905 26.3600
3230 -38.0196 127.2800
3233 -77.0092 137.4500
3235 -31.1085 65.6900
3236 -45.8140 144.8600
3242 -5.9065 195.4100
3247 -45.5196 134.0300
3252 -66.2182 116.6900
3255 -18.0312 23.1800
3258 -48.0831 131.6300
3261 -91.2643 144.7700
3268 -0.2598 107.4200
3271 -2.4249 186.1700
3272 -10.8603 161.2700
3273 -41.0161 114.8900
3274 -13.1466 129.5600
3276 -31.5415 71.5400
3281 -77.8925 110.6900
3286 -1.9919 141.0800
3289 -5.5427 181.0700
3290 -74.9653 109.5500
3299 -48.0485 78.3500
3306 -70.5658 84.2600
3307 -10.5831 157.9700
3310 -8.8857 60.9500
3314 -54.8729 167.1200
3317 -29.8094 138.4400
3319 -28.4930 59.9900
3327 -30.9007 65.7200
3328 -28.8741 126.3800
3330 -7.7598 145.6700
3336 -72.8868 113.7500
3338 -65.6293 130.7900
3339 -37.5866 50.0600
3341 -30.0346 106.7600
3342 -72.7482 112.2500
3344 -32.2690 126.9500
3345 -8.9203 189.1700
3346 -10.4619 75.5600
3350 -64.0357 105.1400
3352 -66.4260 123.3500
3375 -55.5658 153.7400
3380 -57.7482 138.8300
3395 -110.6812 134.0300
3403 -96.6165 138.8000
3404 -14.0473 130.4600
3412 -34.5208 80.6000
3420 -84.1801 106.1000
3421 -28.0254 139.7300
3430 -41.8475 171.4100
3432 -77.4422 95.6300
3435 -81.5126 106.4000
3436 -60.8660 109.6700
3437 -9.9249 29.9900
3438 -30.9007 125.8700
3441 -28.8048 171.8600
3444 -54.3013 165.5600
3450 -29.5669 51.9500
3462 -79.6246 138.7400
3464 -5.4561 111.3500
3466 -10.9988 58.9100
3469 -86.2239 135.9800
3477 -17.3210 72.4400
3478 -54.6304 117.0500
3485 -48.6374 144.3500
3488 -27.5924 135.7100
3490 -30.5889 158.5700
3498 -50.7852 63.7700
3505 -26.4492 179.2100
3506 -67.9676 160.1000
3511 -43.7528 54.0500
3516 -21.1316 30.3200
3524 -6.7552 85.5500
3525 -24.9422 114.1700
3527 -21.2009 142.9100
3532 -32.8926 180.2900
3533 -32.2863 105.7100
3539 -79.8845 123.8300
3542 -11.5358 114.4700
3543 -33.0485 117.5000
3544 -13.5970 43.1300
3556 -78.2216 138.2000
3557 -69.0069 143.3600
3559 -36.8418 171.7700
3560 -77.3036 109.5800
3569 -44.3244 161.0300
3576 -22.2402 60.3800
3587 -11.5877 65.2100
3588 -29.8094 168.1100
3589 -46.6974 157.1000
3590 -43.9607 73.7000
3591 -5.8891 33.5600
3602 -58.3891 163.4900
3607 -42.9041 115.2200
3614 -45.0519 135.7400
3615 -20.6640 107.9300
3625 -22.9850 174.2900
3627 -88.5450 138.2300
3629 -66.3048 96.7100
3638 -38.9030 128.4500
3642 -70.5311 90.2000
3644 -72.6789 125.6300
3655 -16.4896 65.7800
3663 -33.0138 155.4200
3666 -10.9122 122.6900
3668 -95.5426 132.0200
3670 -42.3498 108.8300
3674 -58.8048 148.8800
3679 -25.4965 64.8200
3686 -72.5403 120.7700
3690 -67.6558 88.0700
3694 -4.9538 196.3400
3704 -39.7344 109.9700
3705 -17.5289 71.9300
3707 -3.0312 89.1800
3716 -60.8833 96.2900
3717 -35.7852 72.9800
3723 -17.9965 38.9900
