2 -13.3418 -166.6938
10 -84.3212 -66.0815
60 26.0797 -138.0778
63 -82.0002 -82.5613
92 -15.1431 -163.6095
104 114.4489 -122.3827
115 22.1306 -173.8843
118 8.2742 -86.9230
140 56.2520 -65.1325
167 25.3869 -158.8280
168 66.5404 -42.4295
169 -12.8568 -150.6520
176 -49.0567 -74.1845
237 -123.9159 -127.3468
241 124.8065 -78.4002
253 -10.8476 -150.0132
268 20.0521 -161.3100
275 -34.6114 -47.1927
281 -130.0127 -76.9585
284 -75.1067 -94.3143
304 30.0980 -140.0488
306 17.5233 -112.5277
311 -64.7490 -129.5185
314 0.6185 -65.2603
336 -0.5939 -175.1435
370 -26.0550 -54.6752
377 25.5947 -93.9857
380 77.5562 -130.3032
393 -77.8087 -54.0913
409 -1.1482 -144.3375
410 24.4515 -144.2645
424 -137.0448 -85.6272
425 -30.5930 -179.3775
454 -24.0112 -67.4138
466 -18.7804 -78.3820
481 18.0776 -156.7658
487 -142.7259 -92.9638
488 -51.4122 -90.4818
511 -14.3810 -72.5420
516 1.4499 -26.5885
518 4.3598 -176.2020
520 -92.7736 -65.5523
554 -1.0096 -53.2883
595 42.6381 -158.4082
611 -45.1422 -139.6655
640 -83.9055 -135.4133
664 -57.9594 -86.5580
668 40.2478 -162.0218
669 -81.1689 -57.8325
674 -4.4390 -127.0913
685 -88.7552 -75.7905
695 39.5550 -128.7338
699 3.6669 -178.4103
711 -154.0189 -110.8122
720 14.6828 -50.6055
724 7.4775 -69.2388
736 -13.6189 -48.9265
737 83.4452 -81.1925
744 -114.5974 -101.5595
745 -104.7940 -108.5675
770 -18.2262 -157.4775
783 26.9803 -167.6063
805 -61.5621 -153.3712
807 -110.2327 -112.0350
814 -116.1216 -71.2645
817 90.9276 -53.6715
820 -53.3175 -72.6515
835 106.3082 -132.2743
845 108.1788 -92.7812
864 -1.2521 -88.6385
865 20.6757 -144.8485
872 3.6323 -107.4725
873 6.1957 -184.6700
896 32.9386 -161.5655
899 -129.1466 -103.6582
907 -124.3662 -96.7233
908 98.4794 -59.4750
927 -7.0025 -136.6543
936 -7.3143 -171.0555
950 121.9313 -125.6678
954 -40.6735 -141.1072
967 -97.1384 -105.7752
969 -72.5433 -47.6308
975 -0.1436 -96.8875
983 -35.8584 -153.8640
987 3.3552 -160.5983
1009 -25.1197 -182.0420
1012 -32.6368 -146.6187
1014 6.2304 -96.5773
1017 -109.8516 -76.6848
1034 7.1310 -70.2425
1042 -72.1622 -113.9512
1066 61.3442 -84.1490
1069 -65.6843 -104.4248
1078 54.3467 -129.9748
1095 57.2219 -107.3083
1103 17.3155 -128.1863
1108 -52.5208 -119.0613
1114 -96.0299 -103.0013
1124 -85.9840 -58.5625
1141 22.5809 -79.5865
1153 -39.3225 -79.0390
1165 86.6668 -134.0628
1180 90.6505 -107.2170
1181 72.4640 -151.7470
1184 23.6894 -79.3675
1195 4.5330 -53.1423
1196 -36.8284 -125.1385
1197 18.1122 -90.9928
1200 110.3612 -120.1562
1203 1.0342 -112.5825
1204 61.1364 -162.2042
1219 132.2890 -97.5445
1220 21.8188 -162.8978
1237 -70.8112 -88.6568
1246 -21.5171 -76.3198
1248 -83.3166 -84.5688
1261 3.9441 -175.8735
1309 129.2059 -89.3503
1328 117.6358 -117.3823
1332 69.4156 -109.5165
1341 -54.0450 -77.9440
1343 77.1059 -74.9693
1353 62.2795 -124.1713
1366 -61.8045 -138.8808
1393 -16.3209 -162.4780
1395 -53.2482 -160.7990
1433 40.8714 -118.0210
1435 3.5630 -137.8223
1440 79.5654 -119.4263
1443 -18.7111 -138.3698
1464 -62.1510 -76.9950
1479 -113.1079 -95.4640
1481 11.7729 -165.5258
1483 3.2859 -191.3313
1492 -11.2287 -121.7440
1520 -91.2494 -78.8383
1526 66.0207 -147.6773
1538 -28.9302 -44.8933
1549 -2.7070 -129.2812
1553 38.7929 -168.2450
1557 60.6860 -66.3370
1564 -117.5766 -71.8303
1566 107.8324 -86.2843
1569 -67.0353 -86.0835
1576 -46.9089 -59.1830
1586 -90.0023 -67.2860
1592 -115.4981 -108.8960
1594 -162.1595 -95.7377
1601 12.9161 -100.2090
1608 95.3617 -141.5817
1612 152.7272 -90.0985
1619 -41.1931 -170.3438
1663 -1.7370 -171.8585
1699 -33.2257 -22.5553
1708 -43.1330 -139.5013
1710 -71.0537 -67.3407
1712 86.7707 -72.7793
1715 -15.4895 -80.3895
1729 -73.5478 -143.2973
1748 -19.7504 -101.4500
1756 -77.7048 -149.8308
1764 -149.8620 -100.6105
1781 21.8535 -181.2755
1782 -118.2694 -89.2773
1784 -127.1375 -123.5507
1789 146.3186 -87.5070
1802 49.8088 -162.1678
1806 -60.4189 -65.9172
1814 123.2823 -91.4125
1833 81.8517 -109.2245
1853 58.1572 -75.3343
1854 -9.5313 -185.3087
1858 77.4869 -111.2503
1859 -99.8404 -89.8248
1865 -44.3455 -116.8165
1872 -4.4737 -160.4705
1887 -21.5863 -24.4167
1888 66.0554 -115.9953
1890 58.5383 -40.6410
1896 -107.3921 -122.0543
1899 -4.0926 -167.0405
1905 73.8150 -145.7975
1936 38.5158 -169.3218
1963 52.5108 -123.5507
1967 -99.5979 -96.6685
1985 1.5885 -145.3048
2011 19.4286 -55.6973
2029 45.4440 -31.4248
2030 20.8489 -153.8275
2040 -85.7068 -52.8868
2063 63.4573 -148.7905
2084 -76.4923 -117.6378
2117 -122.9459 -118.1123
2124 -141.2017 -85.9558
2130 -2.7763 -184.1408
2133 127.8896 -101.0850
2137 -43.6873 -171.2380
2156 31.5530 -169.9970
2162 -27.8564 -115.6302
2174 -50.7194 -131.6173
2202 30.3752 -53.0145
2204 -104.3091 -100.0265
2211 33.4928 -57.2303
2224 -86.0879 -79.6230
2226 -30.3159 -160.9085
2236 -142.9684 -92.3250
2242 87.6714 -54.7483
2252 52.8918 -168.1173
2255 61.1017 -154.0647
2259 -16.8059 -25.9133
2265 -84.4598 -148.0970
2273 51.4715 -33.7425
2276 -58.6522 -139.5743
2279 59.7161 -83.4008
2287 -113.6968 -121.3972
2297 85.5236 -105.1183
2318 -127.5878 -75.5167
2334 -28.6877 -173.7200
2338 13.1932 -130.8143
2353 -57.9594 -41.6995
2354 -1.9103 -124.4268
2363 -107.3921 -79.8602
2367 -18.8497 -176.1107
2370 -75.4185 -140.6693
2371 -18.2608 -28.7968
2405 -138.9847 -115.2835
2411 102.8788 -134.0445
2424 6.8539 -127.0548
2441 79.7386 -149.6848
2452 -109.8863 -65.1690
2461 -20.2353 -112.1263
2478 -18.1915 -123.6785
2495 110.1534 -110.2283
2501 -33.8493 -120.3753
2516 43.0191 -170.6540
2520 -40.9507 -134.8475
2523 -96.5841 -110.1005
2532 26.3222 -50.2952
2533 -97.0344 -69.9505
2537 -12.6143 -155.5247
2539 22.0613 -143.5710
2549 29.6131 -32.5015
2552 -71.5387 -143.8265
2560 -26.6093 -164.2300
2561 -56.4352 -35.2573
2575 53.0997 -163.1168
2578 57.2566 -156.5103
2595 -2.9841 -185.1810
2618 -80.1296 -99.2418
2642 -89.1363 -112.6920
2649 83.5145 -66.2458
2666 -12.1294 -110.8305
2668 104.7147 -136.8185
2669 -32.8100 -152.4405
2672 -62.6359 -38.9255
2680 -47.2900 -71.0638
2682 -5.5476 -18.5403
2701 15.3410 -46.2985
2702 70.0737 -89.8430
2710 -100.8450 -113.2943
2714 -67.9360 -128.1497
2725 -21.2053 -34.3630
2734 27.0150 -98.7855
2744 -13.1686 -155.5247
2752 23.8973 -167.7522
2760 -19.6464 -184.7065
2775 32.6268 -159.2660
2788 -88.5820 -112.2540
2791 -0.6285 -24.8912
2800 88.7106 -52.2297
2801 -32.6368 -174.9792
2802 80.2928 -135.8147
2805 -135.5206 -82.7072
2820 94.9113 -73.1260
2825 -14.4157 -144.4470
2830 -33.8146 -31.9905
2833 17.6966 -58.6720
2835 -5.8247 -87.6713
2841 4.3944 -168.3545
2845 14.3710 -182.5165
2848 -134.6546 -87.2150
2852 -79.3675 -131.2888
2862 -7.3835 -130.2303
2867 -147.5410 -88.2917
2868 50.3630 -164.2483
2871 -85.8800 -127.8395
2873 116.1463 -124.4815
2876 15.4449 -165.9820
2883 26.8071 -153.4443
2887 33.2850 -162.0583
2917 -5.0626 -80.7545
2919 -21.3092 -78.0900
2933 -82.6931 -85.6272
2941 51.6794 -34.5273
2944 -41.1931 -57.5040
2955 13.3664 -125.7773
2958 51.8179 -44.0720
2962 -91.0415 -88.4560
2965 38.8968 -91.7228
2968 -91.6304 -94.5698
2992 -68.0053 -76.2467
2997 -78.6054 -109.7173
3001 54.5546 -55.5148
3002 37.3726 -118.5137
3005 -93.7435 -74.8963
3012 4.6715 -156.0540
3016 -41.2971 -31.2240
3020 -85.1179 -64.3478
3025 -107.1843 -79.8602
3034 91.1701 -144.0638
3060 50.4323 -158.3170
3062 -31.2858 -20.6755
3067 0.2375 -19.4163
3070 -12.3718 -43.3602
3082 88.5720 -54.7300
3087 58.8501 -115.8310
3088 -48.5717 -50.6238
3090 68.0646 -98.9133
3127 -80.0604 -79.4953
3139 35.2595 -127.2373
3152 6.2650 -161.4378
3154 55.6631 -156.0175
3197 -115.4635 -86.0835
3206 -57.8901 -45.0210
3215 71.5633 -77.9805
3227 -72.3700 -150.7798
3229 3.0088 -24.3985
3237 -77.2198 -116.0683
3239 66.8521 -79.5318
3247 -106.2143 -100.7930
3259 -11.9561 -54.4928
3267 69.2424 -107.8010
3272 -50.8233 -106.7060
3281 -35.3042 -149.5753
3286 -37.4866 -32.9760
3307 -21.7595 -179.0125
3322 -80.2336 -140.2678
3328 8.4128 -186.3490
3338 -27.1635 -88.4560
3352 24.8326 -43.8895
3366 -18.2608 -159.1017
3368 -15.6281 -177.7897
3380 8.4128 -134.3730
3390 21.1260 -179.8520
3391 -94.9906 -61.3730
3392 -39.6689 -154.9225
3426 -139.0193 -86.0652
3437 95.5002 -76.5388
3455 -30.4544 -149.3928
3465 -67.0007 -69.7497
3471 -46.9089 -61.7563
3472 60.3396 -138.1325
3474 95.5349 -132.6575
3480 -64.0908 -100.1543
3485 -2.1527 -62.1395
3492 63.0416 -127.1095
3540 -7.5221 -116.2873
3553 -44.5880 -141.0707
3557 25.8718 -184.2503
3561 10.5259 -183.1735
3569 15.1331 -155.0320
3579 -87.7160 -110.6480
3590 -59.0679 -118.3495
3593 29.3013 -30.5670
3621 -3.4691 -162.4780
3635 -23.4570 -154.5940
3636 98.7565 -77.2322
3646 -140.9246 -111.7248
3654 60.4782 -156.0905
3663 -84.3558 -107.5455
3672 108.0749 -87.7078
3710 -76.1806 -152.3492
3711 96.5395 -92.3250
3721 -21.1014 -155.3788
3741 3.4591 -147.2575
3746 -147.7489 -109.4070
3752 -49.1606 -150.0863
3765 113.3404 -99.9353
3799 46.4486 -41.8273
3814 124.8412 -126.2883
3818 -5.0279 -71.4652
3828 -10.3627 -179.5235
3843 -76.2498 -56.0622
3855 80.2236 -59.4202
3856 -55.1188 -149.3745
3863 -110.5444 -100.2090
3864 -2.0142 -127.1277
3874 -59.3797 -50.4413
3901 41.2524 -156.6562
3912 -61.7353 -149.3015
3913 -91.7690 -80.2618
3914 -50.0959 -120.1745
3915 -19.5772 -179.1403
3918 -4.3005 -18.7775
3919 64.6351 -91.9965
3922 -40.2925 -160.0325
3937 -18.9883 -30.8955
3942 -17.0484 -39.3818
3969 156.4684 -95.6100
3998 -73.3746 -54.1825
4005 71.2169 -122.4375
4009 -103.6509 -84.8060
4018 13.9900 -123.8610
4031 -56.2966 -42.1740
4049 -28.1681 -182.9728
4050 -70.9844 -89.5693
4051 8.1703 -121.6893
4076 -80.8917 -124.6640
4080 102.3592 -127.7118
4103 -60.7307 -164.3395
4122 -55.7424 -71.0820
4126 -57.9940 -158.9010
4132 -1.0096 -82.4153
4135 -20.3046 -76.3745
4142 35.0171 -133.3145
4144 -33.6414 -109.5348
4155 49.1159 -49.1820
4164 30.4098 -115.4843
4182 44.0584 -130.1208
4184 -21.1014 -37.3195
4200 -138.1533 -113.4220
4213 106.2389 -117.3275
4217 -118.3733 -92.0513
4221 24.5901 -167.7157
4230 -21.5517 -136.6543
4237 -6.4136 -175.6362
4240 40.8021 -133.4057
4244 -38.3179 -103.2933
4247 25.8718 -151.5463
4251 78.8379 -132.1100
4258 -0.8710 -173.3185
4285 -29.2420 -18.5950
4296 111.0540 -89.2955
4304 -90.8683 -88.5655
4319 -114.1471 -122.2550
4320 26.8764 -98.2380
4321 -72.7165 -92.0513
4332 -104.5515 -86.8865
4352 5.4683 -134.0263
4360 -56.5391 -98.4205
4364 22.1306 -134.9023
4385 -158.1412 -94.2960
4392 -6.0672 -95.4457
4393 -84.6676 -96.6320
4405 -17.6719 -121.9995
4428 41.2871 -123.0762
4458 74.9928 -135.3402
4467 -111.0987 -102.2348
4498 -82.0349 -73.8013
4516 43.3309 -163.8103
4518 -156.5130 -105.0088
4524 -3.7809 -44.8568
4525 119.5411 -109.6260
4528 -121.4217 -113.8783
4556 -14.8313 -169.6138
4576 -62.6013 -147.5312
4588 79.5307 -83.4555
4591 151.0990 -89.0400
4595 -61.1464 -144.2645
4596 83.0988 -107.2170
4630 51.2290 -37.2830
4642 -147.6103 -87.0325
4651 8.6899 -191.3678
4669 -3.5384 -91.3760
4673 -65.9615 -154.1378
4687 75.4777 -154.2837
4694 58.3304 -35.7865
4696 -19.0922 -160.6530
4708 113.1671 -69.2388
4712 -10.8476 -17.6460
4717 -21.2053 -133.6430
4723 -119.3432 -111.6335
4724 -30.1080 -123.5507
4741 -33.3989 -53.2152
4761 -4.8201 -107.4178
4762 21.6456 -31.1875
4766 -28.5145 -63.0702
4767 15.0985 -103.3480
4769 10.4566 -190.8933
4799 13.9207 -150.0132
4804 -90.6951 -67.1582
4809 16.8998 -95.6283
4811 45.8943 -131.6355
4823 -15.0738 -175.1800
4847 -93.6050 -72.0128
4849 -58.2365 -135.8878
4861 97.1284 -139.9393
4874 -18.9190 -119.1708
4882 -114.3203 -110.5567
4893 23.5162 -81.6853
4900 -31.3897 -171.5118
4924 -77.5316 -122.4010
4926 -92.6350 -114.7360
4944 -57.4398 -44.6743
4948 20.6064 -186.6593
4963 -90.6259 -63.2527
4989 -20.4085 -21.2777
5002 5.0872 -184.6518
5007 28.5392 -97.9278
5009 42.1185 -34.6368
5013 -98.3508 -114.5900
5043 -92.1154 -110.7028
5050 -31.2165 -21.7705
5055 21.9574 -38.5058
5056 65.4318 -119.4263
5070 69.3809 -123.8793
5073 27.0496 -84.1308
5074 79.3575 -151.8930
5084 -89.0670 -61.3000
5110 15.3063 -161.0180
5111 -6.0325 -116.9625
5125 -71.9890 -108.5310
5131 24.6594 -131.6538
5169 -37.3480 -66.8662
5170 -129.8395 -119.4810
5180 29.7863 -37.2648
5211 30.7908 -174.5960
5214 -23.9766 -29.9100
5226 49.9820 -80.6633
5244 -1.7024 -175.8370
5248 52.4761 -160.5435
5256 -134.8278 -107.6915
5260 -114.5974 -120.0103
5263 8.4820 -67.6145
5266 0.6878 -147.0750
5305 -41.2624 -130.4675
5311 24.0705 -37.7940
5319 -31.7015 -145.0675
5323 44.1623 -163.9015
5324 -123.3616 -111.9255
5330 -81.3767 -146.5458
5333 -129.0774 -122.5105
5335 -77.8433 -115.3747
5344 -140.2318 -85.4265
5350 69.9005 -50.4595
5368 77.2791 -116.0683
5374 -46.7011 -164.9783
5387 73.3646 -75.3343
5396 43.4348 -49.4375
5420 -8.1803 -149.1738
5439 -40.8814 -145.3777
5448 -82.9702 -124.6640
5453 40.2478 -175.9830
5454 -113.1079 -118.8240
5479 -67.3125 -143.3520
5481 76.8634 -122.9303
5500 -51.6547 -39.1080
5549 -93.5357 -95.4457
5551 -68.5942 -141.1985
5578 18.4587 -132.5845
5581 -80.1296 -115.5208
5582 -65.3726 -134.7928
5614 -129.3199 -75.8453
5652 -9.2541 -168.4275
5678 9.0363 -186.6957
5695 109.1142 -95.4457
5696 -50.3384 -165.6535
5717 3.9787 -19.7448
5722 -26.7479 -76.6118
5729 -50.4769 -120.6855
5754 131.5962 -82.9810
5758 -74.3099 -83.8388
5794 57.8108 -125.0655
5802 84.9694 -145.7428
5810 -32.7407 -72.3413
5824 -117.2301 -121.4337
5844 82.8563 -121.2330
5856 -28.1681 -91.1205
5865 -27.3714 -129.6098
5875 -62.4627 -54.5475
5898 18.8397 -181.8595
5914 91.7590 -109.8815
5921 -114.9438 -91.3030
5927 134.3674 -83.6562
5933 -48.7102 -83.8023
5940 -123.7080 -78.4185
5949 30.4098 -120.5395
5950 -28.3413 -84.2768
5955 -109.4359 -79.6230
5956 21.8188 -129.2630
5960 70.9744 -155.0320
5986 8.6206 -63.0702
5990 -39.7036 -24.6175
6016 -40.5350 -156.3643
6032 -161.9517 -96.5225
6045 -48.6410 -116.2873
6053 -9.6698 -106.6695
6076 -61.4235 -69.3117
6090 -137.0102 -92.9455
6092 -39.9807 -124.8283
6096 -5.1319 -89.3138
6106 72.6025 -104.1327
6107 -49.1952 -127.9673
6111 -140.0586 -103.9138
6134 69.3463 -149.9767
6141 -26.8864 -88.2552
6145 163.4659 -95.5918
6156 -98.5586 -116.1412
6160 77.5908 -76.7943
6176 -120.8328 -112.1263
6185 -96.9652 -103.9138
6187 -82.3467 -151.5098
6196 11.5305 -114.6812
6201 76.3784 -144.6113
6210 -53.5600 -41.5718
6221 -126.7911 -84.4045
6269 -20.4432 -181.8230
6278 -70.9498 -108.2938
6280 51.1944 -56.0622
6287 -39.6343 -97.2890
6308 -99.4940 -76.1555
6323 -53.7332 -163.4270
6330 23.5855 -171.1833
6338 137.2080 -95.4275
6345 -88.9631 -86.5762
6353 73.8843 -137.4390
6365 -22.0020 -86.5397
6376 4.3251 -155.9992
6382 -79.4022 -143.2607
6385 24.7633 -133.7890
6387 -46.4932 -40.5132
6393 136.1341 -94.5515
6398 -128.7656 -107.1987
6402 -132.2297 -114.8455
6405 42.6034 -154.1925
6407 -83.6630 -126.3248
6411 -3.6077 -76.0095
6432 -37.0362 -65.1872
6433 -19.2654 -162.6605
6439 151.3069 -91.3760
6444 -112.1033 -116.1595
6457 81.6785 -135.1943
6461 2.9048 -188.2653
6493 16.1377 -87.3793
6501 81.7131 -54.6387
6504 0.3414 -195.6930
6506 -115.9484 -98.2198
6507 -48.0521 -81.3933
6516 -126.4793 -94.6975
6529 94.8074 -132.6393
6549 0.9649 -67.3225
6556 105.9965 -96.9788
6570 -41.2624 -96.6138
6574 -41.8513 -102.5633
6590 -32.6715 -96.1940
6593 -40.9507 -39.2722
6595 65.4318 -157.7513
6609 -46.7357 -98.4570
6610 -14.2078 -104.9723
6633 39.9014 -88.2552
6638 23.8626 -35.3850
6653 -45.5233 -162.4597
6656 -71.0883 -93.2193
6670 -88.1663 -77.6155
6690 -3.6077 -184.6335
6693 -122.4263 -92.1973
6705 -82.7623 -127.2007
6715 20.8489 -146.4910
6728 20.7796 -47.7403
6738 -4.1966 -164.6680
6747 -35.6159 -41.5900
6752 -7.9378 -173.4827
6758 -16.6327 -22.2998
6759 -120.3825 -80.9188
6780 -18.1222 -174.8698
6781 0.2721 -88.5473
6790 -82.1735 -59.5663
6811 57.0834 -33.7242
6820 -63.6059 -139.9393
6837 69.6234 -87.5435
6840 -40.4657 -95.8108
6850 56.3559 -35.2573
6855 27.6385 -99.2965
6864 94.5996 -129.7558
6875 21.2299 -123.5690
6892 -70.4302 -44.3275
6906 51.9565 -77.3053
6922 23.3430 -182.5530
6924 -24.0112 -116.5975
6934 35.0171 -28.4317
6965 67.8567 -157.4227
6970 -126.4793 -99.7163
6986 79.1497 -141.7095
6987 -21.1707 -34.5090
6989 -45.3154 -163.8650
6992 96.8512 -111.1042
7000 -69.3563 -89.6787
7019 -15.1778 -113.9330
7025 37.5458 -171.8585
7029 58.0533 -34.5273
7040 -18.2608 -26.8257
7053 -69.9452 -76.1190
7060 -65.3726 -156.4372
7070 -123.1191 -101.7420
7074 62.7645 -93.8580
7082 -26.6439 -134.0810
7084 -5.3744 -82.6708
7086 140.5682 -95.4093
7094 23.2045 -150.1775
7096 -93.9168 -103.6765
7099 -35.2695 -120.9045
7118 0.8610 -136.5995
7125 13.5396 -91.9235
7133 -25.8472 -119.3898
7145 -111.5837 -92.9455
7153 7.7546 -146.3450
7166 -141.3056 -99.4608
7169 -21.4478 -185.7650
7189 8.1703 -130.9603
7201 50.0512 -162.2955
7206 -18.3994 -34.4178
7212 38.8622 -93.4383
7228 -53.2829 -122.8938
7244 14.8213 -85.1710
7266 33.7353 -124.7735
7280 -17.8105 -155.0502
7283 -115.0824 -111.7430
7300 -67.0353 -142.7133
7304 52.3376 -37.1918
7319 26.8764 -54.1095
7332 -13.3071 -181.9325
7351 -121.6988 -85.8645
7355 -6.2057 -19.7265
7357 63.1802 -113.6228
7358 -42.5095 -128.3687
7400 94.9806 -138.2420
7404 49.5316 -127.4380
7407 -122.0106 -105.6293
7419 20.3985 -143.7170
7430 20.9874 -58.7267
7435 -38.0062 -59.9312
7446 6.1265 -139.8845
7472 -42.3017 -24.8912
7475 110.9848 -108.5493
7480 -20.3046 -170.4167
7511 -51.0658 -110.9583
7515 16.4148 -114.0790
7516 9.9716 -59.0735
7520 -69.8759 -63.0702
7542 -75.6956 -74.6042
7543 35.2595 -51.0983
7579 61.9331 -87.5983
7580 -3.4345 -140.4320
7582 42.2570 -123.6785
7606 31.1026 -47.8498
7625 31.2065 -35.6587
7636 141.8845 -88.0545
7649 0.5493 -58.0880
7687 102.7748 -129.5185
7692 28.0542 -42.5025
7693 120.3032 -112.9475
7694 -71.8851 -142.5125
7699 -118.7890 -121.0688
7720 -4.8894 -97.3073
7721 52.8918 -62.7782
7734 44.1969 -83.9117
7749 30.0287 -98.8950
7751 -21.1707 -120.1380
7782 -52.4168 -138.9537
7788 15.1331 -94.5150
7797 35.2942 -151.8565
7800 -39.4957 -136.4718
7808 0.0989 -149.7030
7811 -41.1239 -162.2590
7817 -52.1743 -148.8818
7818 -44.7612 -75.0422
7819 -58.2712 -85.5543
7827 -65.6497 -128.3505
7876 15.6181 -52.5948
7884 -62.6359 -43.5245
7887 41.7720 -29.8005
7892 -125.7172 -93.4200
7899 -34.7499 -78.1812
7927 -54.5992 -87.9997
7940 59.0579 -153.8457
7948 70.3855 -51.1713
7956 37.4419 -135.8513
7968 -14.7274 -143.6258
7983 -25.3276 -21.0405
7987 -54.6339 -149.6300
8008 84.7962 -102.4355
8029 -39.1840 -59.6757
8039 121.1692 -73.1625
8047 22.2345 -31.2240
8051 -23.9766 -177.4430
8053 106.6893 -72.1770
8087 -118.9276 -101.2127
8095 70.3509 -119.3898
8099 40.0054 -173.4827
8100 84.1380 -81.5575
8104 -22.9027 -151.2178
8109 -40.9507 -148.0787
8118 7.7892 -164.4490
8123 124.8758 -85.7003
8129 -88.2356 -53.1787
8131 100.7657 -129.9200
8135 -42.6827 -127.3650
8145 -89.6905 -120.9045
8155 134.5406 -98.4205
8181 109.1488 -127.7300
8187 -23.0066 -19.9090
8191 -65.2686 -152.4223
8192 96.5048 -97.6723
8211 23.6894 -166.7850
8218 -164.5151 -97.6175
8238 -37.2094 -175.6180
8241 -55.4999 -84.3680
8245 106.9318 -120.0650
8252 15.6527 -155.0137
8256 25.9065 -95.7925
8266 67.1293 -104.7897
8275 -4.8547 -63.2710
8287 -41.6088 -152.2763
8293 -0.5939 -65.0230
8320 101.2506 -119.0065
8323 -2.8456 -18.3760
8329 -49.4723 -107.3265
8343 -41.7820 -134.6285
8351 -116.3988 -114.7360
8355 75.8934 -99.9900
8358 -81.3074 -152.0755
8384 42.6727 -77.0315
8386 -12.9607 -78.6557
8389 54.4160 -31.5343
8399 -84.7022 -110.2648
8404 71.6326 -125.7042
8405 30.2712 -98.6578
8409 4.4983 -142.6220
8417 67.6142 -54.0000
8452 -28.2374 -180.7645
8457 -4.6123 -60.5883
8460 118.3633 -76.3928
8473 -135.8324 -101.7420
8478 -60.0379 -157.1672
8492 2.0735 -148.2430
8497 11.2880 -86.2843
8499 -64.6797 -74.0203
8504 108.8370 -66.2640
8549 15.8259 -175.1435
8562 -60.4189 -157.8607
8578 -23.5609 -30.7678
8590 -55.6731 -111.5058
8599 -126.8257 -105.7388
8602 -82.7277 -54.9125
8607 -104.2744 -92.4345
8611 -9.1156 -118.2582
8621 -8.6306 -116.9260
8656 -18.3994 -102.8553
8669 -87.3350 -97.1430
8675 18.0776 -166.0185
8686 -121.5256 -119.7913
8687 -80.4414 -49.9668
8689 130.4530 -100.7747
8727 -30.2812 -46.5358
8737 -61.7699 -78.4915
8743 83.3412 -73.5275
8755 10.7684 -92.9455
8760 122.3817 -125.8503
8765 -48.0521 -115.3383
8768 81.5399 -56.1170
8772 38.9315 -77.7615
8781 -112.7961 -87.0872
8784 16.8998 -185.8015
8785 88.1217 -61.1723
8790 -100.1521 -96.3583
8813 -21.5863 -76.7030
8820 -66.9314 -97.4533
8850 120.2686 -113.2395
8855 -47.3939 -130.8325
8860 -22.0713 -76.7577
8861 62.4527 -88.4013
8863 64.1155 -156.4190
8869 -24.9465 -128.4235
8871 -57.3012 -102.6362
8891 -80.6839 -142.1840
8896 -144.9776 -87.4888
8901 -92.7736 -64.6763
8906 -64.2294 -155.7437
8910 -105.2097 -65.6435
8921 -28.2374 -96.7598
8924 143.9630 -99.8440
8930 17.6966 -131.5443
8946 110.3612 -108.0748
8951 -155.0235 -108.4397
8963 -13.6189 -170.1065
8964 73.6071 -147.5495
8978 -99.7364 -87.8538
9024 -49.8534 -68.5817
9034 -5.4090 -141.1985
9037 -86.3650 -101.3040
9038 61.6213 -150.3783
9061 13.4011 -161.9305
9068 -40.1539 -44.8385
9088 -38.3872 -70.6987
9090 -91.6304 -82.7437
9101 75.1313 -51.3903
9134 -11.7829 -115.9770
9141 -85.1872 -96.1393
9148 -40.0154 -109.2245
9158 -54.7724 -83.9300
9164 53.9310 -37.9765
9166 -129.4584 -113.8235
9167 -22.5217 -54.2920
9174 -34.9578 -93.5112
9207 -130.9133 -111.0677
9209 -56.2620 -137.6033
9211 -88.7899 -95.6465
9212 -46.8396 -154.3750
9215 -59.0679 -37.3377
9225 -39.0454 -165.3250
9227 -80.6492 -122.7660
9233 -39.8768 -61.5555
9245 87.6714 -54.2920
9268 43.7466 -29.5085
9270 1.7617 -78.0535
9274 -145.1161 -113.4767
9278 121.5849 -93.6025
9290 50.8133 -108.8960
9300 -26.9903 -172.0592
9316 36.9916 -123.2223
9323 123.1091 -90.7920
9330 6.9232 -152.9333
9333 28.1235 -81.8678
9334 32.8693 -146.9473
9349 -65.5111 -44.1998
9362 -34.1610 -50.9888
9364 -102.8541 -95.3910
9367 -88.3395 -111.5787
9371 52.2683 -44.8568
9382 -64.4026 -151.6375
9392 4.7755 -107.8558
9401 147.9121 -89.8613
9406 25.6986 -162.0400
9430 34.9478 -117.0902
9433 -10.4319 -124.0983
9439 -20.7203 -22.6465
9442 62.3142 -94.4055
9455 -22.3831 -90.6825
9468 28.9895 -153.0975
9471 54.6931 -35.2755
9477 -42.5441 -41.4988
9480 71.0783 -112.3818
9483 -71.1576 -119.4810
9490 -48.0174 -88.5290
9505 -29.1727 -167.4055
9510 31.5530 -116.0318
9546 20.5025 -115.8492
9553 92.1401 -146.3268
9573 -115.6020 -91.0475
9582 -66.5504 -90.4818
9591 -136.0056 -103.3662
9604 115.8691 -128.5877
9626 74.2999 -87.5983
9630 -52.3822 -165.9638
9640 -129.2506 -105.8117
9643 38.8622 -116.0135
9645 -54.8071 -155.7985
9650 -92.6004 -95.4640
9663 -133.9271 -86.6310
9673 -114.8053 -96.0115
9682 75.2699 -101.0668
9684 -9.8777 -83.3825
9685 93.2139 -105.8665
9689 -67.7628 -157.2220
9690 32.3843 -133.4422
9699 102.4977 -127.3468
9727 -52.3822 -76.8855
9736 -110.4405 -66.5560
9749 -34.5421 -125.0107
9755 -43.1330 -70.8813
9764 -47.5325 -37.4290
9774 -63.6059 -40.6045
9785 -39.3225 -116.6157
9792 -44.2069 -171.8037
9818 -39.2533 -175.8005
9820 34.4282 -34.9835
9888 -84.7022 -68.8007
9900 20.4678 -102.3990
9930 -50.3037 -79.5865
9948 -131.2251 -81.6488
10012 -52.5554 -96.3218
10013 -31.1473 -50.6968
10016 96.4009 -142.6950
10033 -3.3998 -73.4545
10055 5.8147 -70.4797
10060 -64.9569 -74.4035
10062 -58.6176 -155.2692
10071 -28.5145 -123.0762
10081 -8.8385 -50.4413
10084 37.0262 -120.1198
10096 52.6493 -41.5353
10099 26.4954 -157.0943
10115 -11.4019 -131.9640
10129 -61.9085 -59.1647
10151 4.7408 -150.6338
10154 -50.8580 -140.9430
10190 40.9753 -92.2520
10194 -28.7917 -66.6837
10215 -34.2996 -55.5330
10223 66.5750 -105.5015
10252 12.8122 -103.9685
10277 64.3580 -131.6720
10283 -28.6531 -170.3073
10293 -64.8876 -145.6697
10299 -87.7507 -139.7020
10320 99.3107 -133.8802
10342 20.8835 -129.5915
10379 48.2846 -39.1993
10380 116.1463 -83.3278
10387 58.4690 -162.2955
10388 96.2623 -59.8218
10403 71.2169 -127.8213
10414 129.2059 -104.5160
10422 18.2162 -126.3613
10433 30.6523 -135.1578
10434 0.2028 -176.2933
10441 -73.9982 -63.3988
10447 35.2595 -46.7365
10458 -10.4319 -85.3353
10465 -35.2003 -177.9905
10483 -28.8956 -55.2958
10494 -143.4880 -94.2777
10527 13.4703 -188.2653
10533 -37.9369 -167.1865
10543 32.8000 -177.4978
10556 -41.6781 -165.7265
10571 18.9090 -99.4243
10580 57.4298 -128.9893
10581 -37.0362 -153.1888
10589 6.2650 -177.9905
10590 56.3559 -115.2288
10595 -16.1477 -65.8990
10596 -0.7325 -77.1045
10627 -92.6697 -83.6015
10655 -55.1881 -129.0440
10681 26.4607 -99.6615
10694 -125.9250 -122.9485
10706 -93.4318 -113.7140
10717 -43.4448 -36.6077
10719 62.9377 -105.1730
10721 -46.4239 -113.4585
10727 -9.1849 -181.6405
10737 66.5750 -122.4558
10748 -110.7869 -117.7108
10753 -114.8746 -80.1157
10758 27.9156 -150.3418
10763 45.7904 -43.2873
10766 0.5839 -109.0785
10788 33.9778 -153.7180
10796 -140.1971 -101.3223
10806 -123.7773 -88.0180
10834 78.2144 -125.4123
10850 -60.3843 -159.1748
10857 -58.2365 -88.7662
10863 -52.0011 -87.9633
10876 31.3797 -143.5528
10887 23.3777 -121.8170
10890 110.8808 -123.1858
10893 33.9085 -128.1132
10902 -106.2489 -92.8725
10917 57.0487 -38.1773
10919 74.8196 -112.0898
10923 -100.1175 -71.6295
10928 -83.4205 -113.3308
10935 -81.1342 -81.5757
10952 -38.6990 -160.2515
10961 81.1589 -104.5160
10967 0.5146 -25.7855
10970 2.8702 -149.3015
10972 87.4982 -74.2940
10974 -38.8376 -23.8145
10977 35.8831 -77.7250
10978 75.4431 -117.1085
10979 -54.7724 -63.3257
10988 -79.4715 -100.5740
10993 132.7740 -102.0705
11005 -72.7511 -66.1362
11007 121.5156 -97.2890
11011 -110.0595 -76.5935
11020 -11.7483 -94.9712
11036 -19.0922 -134.5555
11054 24.6248 -171.2198
11059 -35.3735 -145.3048
11066 -114.5974 -71.1368
11070 0.6532 -190.0355
11077 -107.3228 -64.8770
11081 -81.4460 -150.3053
11085 116.8737 -93.3287
11105 -67.4164 -47.4665
11107 -41.3664 -158.0068
11118 47.3839 -164.6497
11157 -36.2048 -119.9737
11159 -10.4666 -189.7070
11164 -157.4830 -104.4613
11177 -41.7128 -73.7830
11188 -3.9887 -101.7237
11202 21.9574 -185.6190
11217 -20.0968 -103.9138
11231 -78.9172 -135.1030
11237 -90.0370 -127.8395
11238 -46.0429 -124.7735
11251 -12.0947 -189.6157
11261 33.0425 -97.0335
11263 -43.0291 -129.6098
11264 34.9824 -125.9232
11272 115.4535 -129.3908
11282 29.4052 -127.1642
11289 -21.0667 -133.5335
11297 -127.5532 -79.1667
11303 20.7796 -105.3920
11305 -133.7539 -86.4485
11307 38.4119 -171.8220
11308 -33.8146 -127.5840
11322 18.1122 -162.1313
11333 -44.1030 -59.8765
11355 70.6973 -134.5920
11359 94.9460 -105.6475
11361 -127.2068 -109.1880
11362 -98.6972 -63.5630
11368 -18.8843 -153.6998
11378 -114.8746 -116.1595
11390 107.8324 -117.9298
11398 20.4332 -144.8668
11413 7.4428 -123.9705
11422 -69.1484 -131.3983
11431 -99.2515 -80.9370
11453 -49.7148 -58.5808
11458 -60.0379 -108.0018
11472 19.6711 -123.7150
11506 -81.3767 -83.6015
11522 1.8310 -149.4840
11533 37.4419 -159.0835
11547 -125.7518 -76.7212
11548 106.4122 -93.4930
11560 33.7353 -79.7873
11563 -9.3927 -157.4775
11565 -113.2811 -133.3692
11574 22.3384 -162.7700
11580 -42.5441 -111.2320
11589 -88.5128 -69.0380
11595 4.4983 -27.6470
11626 -15.0046 -141.8920
11641 91.4126 -103.9685
11656 -124.9551 -110.0822
11664 -90.3141 -131.7085
11672 -103.8241 -63.7637
11680 62.5220 -109.9728
11685 -45.3847 -152.3310
11689 -8.8038 -174.5413
11706 -152.2522 -92.6170
11725 -9.3581 -56.0440
11730 -80.7532 -58.1428
11735 101.2160 -124.8648
11755 -31.1819 -174.2492
11756 -12.0947 -45.2035
11762 -38.4912 -132.6940
11765 -104.9326 -81.3933
11822 42.4649 -171.6030
11826 -71.7465 -88.5290
11829 -138.2572 -107.8740
11830 -50.0612 -96.2853
11836 51.3676 -75.9912
11853 -3.3305 -180.8740
11880 -23.6302 -155.7437
11884 18.7704 -162.9707
11915 -24.7387 -176.8407
11916 -39.1147 -144.5383
11919 -2.4645 -128.9893
11927 112.4050 -99.6980
11931 122.9706 -75.0605
11935 -58.5829 -163.6825
11942 -123.3962 -105.1183
11943 -41.0892 -37.4655
11958 -128.5231 -105.9578
11971 48.5270 -72.3413
11973 -29.3806 -165.5805
11989 -97.0691 -86.9595
11991 83.0988 -50.7333
11997 105.2690 -131.4165
12013 -57.1626 -145.1952
12017 13.2971 -149.9402
12030 -10.7784 -110.3195
12033 117.1855 -70.7352
12062 -119.8282 -72.7428
12066 -4.0580 -114.6812
12068 50.4669 -54.7483
12077 -72.3008 -129.5367
12094 51.1251 -45.5868
12101 50.3630 -130.4857
12105 -82.0349 -129.1353
12125 -72.9936 -96.6685
12131 37.9962 -93.1463
12149 -6.8639 -78.8383
12154 -139.0540 -89.8978
12173 -26.5054 -21.9712
12176 -6.7946 -179.2133
12185 -16.9098 -81.4115
12187 73.2607 -134.3730
12193 71.5287 -100.0995
12203 -3.6423 -47.4117
12207 109.3566 -106.5052
12213 0.2028 -125.8503
12215 -27.5792 -141.3993
12231 42.3609 -53.0693
12233 93.3525 -125.8503
12242 88.3296 -77.4147
12271 -76.0420 -90.6825
12272 -6.1018 -149.8308
12295 69.3809 -112.3087
12299 -111.8261 -99.3695
12334 -117.9576 -85.9010
12377 -88.0624 -98.8585
12383 -68.0746 -149.9038
12389 -20.0621 -93.3835
12396 -85.4297 -103.7860
12404 -53.4214 -153.9005
12408 -41.6088 -163.9928
12409 8.5513 -176.3845
12410 -14.7967 -108.1660
12434 17.9044 -177.3700
12435 -22.5563 -176.8772
12469 128.8595 -90.9380
12480 113.9639 -114.1702
12481 34.6360 -163.6095
12489 -118.9968 -129.2995
12495 -46.9782 -140.7605
12498 -154.3999 -107.2170
12505 -100.1175 -93.2922
12510 -37.1055 -50.7150
12518 -26.1936 -178.4468
12531 32.1418 -44.1450
12538 57.9494 -152.3857
12550 70.3855 -148.9912
12579 139.8407 -92.2155
12610 104.8187 -132.2560
12614 -80.9957 -107.6732
12619 -35.6506 -51.2442
12627 56.0095 -38.4510
12631 16.2070 -108.8048
12664 27.8117 -174.5778
12671 -60.0032 -36.1150
12693 -14.7274 -107.9105
12708 112.5436 -117.7473
12719 20.7796 -186.9877
12724 -89.7252 -77.4695
12741 -10.0162 -147.5495
12755 -24.3576 -162.2225
12767 -53.3175 -166.4018
12778 122.9706 -98.0920
12780 24.8672 -163.4087
12786 -47.8442 -131.7267
12787 42.9152 -44.4735
12790 46.3447 -83.1453
12797 71.6672 -134.7198
12799 -97.1384 -85.4082
12804 8.9324 -67.3590
12816 -67.6935 -127.3468
12829 -18.2608 -185.4730
12836 -36.3780 -78.3273
12841 21.0567 -82.0502
12844 17.5926 -103.3298
12850 -49.6802 -54.8395
12861 -41.5049 -61.9753
12872 -92.6697 -118.7692
12883 -35.1310 -64.4025
12886 -34.1957 -129.5915
12897 86.1125 -56.0622
12905 -34.9924 -106.2862
12918 -83.0741 -119.7365
12935 -44.9690 -51.3538
12948 -55.6038 -110.7758
12956 -145.6358 -93.6938
12966 69.1384 -153.0792
12978 -37.4866 -53.5073
12990 62.7991 -114.9915
13004 -82.5891 -70.4250
13012 -7.1410 -152.1485
13014 -129.2852 -114.7178
13022 -57.7169 -161.0728
13024 -52.9018 -120.0468
13026 120.3378 -79.0390
13029 8.2396 -179.2315
13030 -19.6118 -102.3078
13038 45.6172 -84.3680
13055 -25.5354 -19.3980
13061 -30.1773 -61.2453
13076 -20.4432 -144.8850
13079 -67.1393 -151.7105
13088 103.8487 -89.9707
13094 75.3045 -80.8092
13100 4.4290 -17.9015
13115 11.8422 -184.1955
13122 121.5503 -95.8290
13130 50.2245 -131.1428
13149 -51.6201 -143.5162
13154 -125.0590 -96.7415
13164 -110.3019 -85.8827
13166 3.5977 -97.0153
13171 64.8776 -81.0100
13180 -93.2932 -65.0413
13203 -13.4457 -21.4603
13206 8.8977 -129.2448
13210 33.7353 -125.3210
13232 18.1122 -101.4500
13240 24.0012 -183.3013
13254 -10.0855 -187.2433
13263 -32.2904 -55.4418
13273 -133.0611 -89.8248
13282 90.2002 -100.5558
13290 -117.7151 -84.0578
13291 -57.4744 -66.7568
13292 -58.9640 -146.6005
13294 33.0772 -157.1490
13297 -91.7344 -55.4600
13314 -26.6439 -115.0098
13326 -24.7387 -154.4663
13345 43.2963 -154.0465
13351 -19.0922 -122.4010
13355 2.3159 -49.2733
13373 -33.2950 -24.5263
13380 -79.1943 -72.2865
13385 33.3196 -49.3098
13408 62.8338 -117.9663
13409 -24.7040 -161.9670
13423 -46.8743 -97.3255
13430 -46.2161 -101.1033
13438 -113.5582 -67.1582
13441 -63.3980 -112.5825
13445 -131.0519 -109.2793
13451 -43.5834 -167.2595
13453 6.5075 -169.4678
13474 33.0425 -37.7393
13475 -14.0000 -49.0360
13483 105.4422 -89.3503
13489 42.2224 -28.4500
13490 -168.0138 -100.1908
13500 -65.5458 -118.2400
13506 -66.8621 -57.4128
13511 -81.6538 -74.3487
13515 -79.1943 -129.0440
13537 68.8959 -125.9780
13546 -75.0720 -44.1633
13558 52.1297 -89.8065
13559 36.6798 -38.8343
13582 -28.5492 -128.6973
13586 -36.3780 -40.2395
13623 -24.0459 -179.0855
13647 -3.0534 -174.5595
13697 -19.4386 -173.5740
13700 154.5285 -93.8032
13709 113.2364 -79.4223
13732 55.3513 -62.2855
13737 -6.9678 -61.8657
13746 73.9882 -149.7212
13749 -70.3609 -92.3797
13752 -16.5634 -106.0307
13754 -97.4501 -109.8632
13794 -40.5350 -161.4013
13819 -81.3074 -68.6548
13849 -111.4105 -70.1513
13856 -70.2223 -130.3945
13860 71.6672 -51.2260
13886 30.0287 -126.8540
13904 -93.8128 -82.8350
13911 -72.1968 -130.2303
13948 36.8530 -75.8270
13954 -24.1151 -96.7598
13960 -4.9933 -162.4232
13965 -1.2521 -58.6538
13971 74.9928 -114.0973
13989 39.0354 -129.2448
14004 -30.4891 -168.9750
14029 -46.0775 -153.3165
14032 -83.2127 -130.3580
14047 -149.5156 -94.8070
14053 -80.3028 -152.4770
14055 -3.6423 -93.8763
14067 -44.9690 -123.3317
14077 -91.5958 -117.5830
14078 -59.3450 -55.9893
14085 87.6021 -64.0923
14098 -41.1931 -32.6293
14104 -63.4673 -146.4545
14110 -116.1216 -82.3970
14118 37.9269 -114.6995
14126 -13.3764 -26.1688
14134 1.1035 -67.7423
14145 -23.8034 -163.9563
14150 -53.3175 -127.4563
14153 28.1581 -140.5598
14176 -114.2510 -82.8533
14181 -61.6313 -36.3887
14197 65.7783 -134.6650
14204 10.9762 -117.5100
14209 124.4948 -125.8138
14218 -55.4999 -51.3172
14224 10.3873 -102.1617
14233 58.1572 -164.7775
14248 -106.8032 -119.0795
14259 89.0224 -137.7310
14260 -94.5403 -121.1782
14278 -72.3354 -55.6790
14284 153.6278 -95.8108
14288 32.7654 -157.1672
14297 -8.3188 -133.4970
14309 -63.0863 -95.1538
14326 12.6390 -190.0355
14349 -56.4698 -130.6865
14350 -15.1431 -83.5285
14352 35.1210 -175.3443
14356 85.0387 -117.9298
14357 -6.2404 -146.3815
14366 96.8166 -73.9290
14371 154.0782 -96.3765
14380 67.0946 -45.6233
14383 -116.7105 -121.4703
14398 -144.1116 -107.4178
14415 11.3919 -182.9363
14416 -80.1989 -131.4348
14424 -15.9745 -156.8753
14429 -34.2996 -152.8785
14431 -50.9619 -43.6888
14438 -107.4267 -89.4597
14480 114.2757 -100.6470
14483 -144.7697 -107.4542
14492 -63.1209 -46.0430
14500 -7.6953 -78.8383
14511 -67.5203 -139.1727
14512 47.2453 -162.4050
14533 9.7638 -66.3735
14536 5.1219 -163.6277
14540 -49.0913 -72.5420
14548 -36.1702 -28.6690
14551 82.6831 -105.0270
14575 31.4144 -82.8898
14577 28.7470 -46.6270
14599 -114.1471 -88.2005
14614 51.8179 -70.5162
14615 75.7549 -128.3140
14623 -132.9918 -85.6090
14635 93.4911 -107.4360
14636 -127.6224 -91.8140
14654 -0.9403 -64.3843
14656 -48.8142 -84.1855
14661 14.5789 -124.5545
14679 -20.4432 -33.5052
14689 -41.8860 -89.1313
14704 -42.3709 -152.5683
14720 -69.4256 -94.0770
14721 -25.2236 -106.2680
14730 27.1535 -99.3513
14731 -10.0855 -75.2795
14732 -6.4482 -61.8475
14746 121.6196 -84.0213
14755 -116.9530 -100.3368
14756 -84.0441 -75.2795
14773 -125.9597 -115.6302
14775 -5.9286 -174.9610
14779 -57.8555 -86.7952
14808 7.9971 -164.8870
14821 -2.6377 -197.8465
14822 98.4447 -81.1195
14825 54.6585 -163.9015
14849 -92.3579 -125.4487
14860 -54.5992 -159.1017
14879 48.2499 -167.2048
14891 79.7732 -123.7333
14894 45.2015 -52.5035
14896 -129.5623 -120.8133
14929 -42.6827 -41.5900
14946 -149.0652 -113.2212
14964 -38.2833 -108.9325
14982 -32.7061 -120.0103
14998 -88.5820 -124.9742
15001 22.7195 -152.5318
15002 -0.9403 -61.3183
15016 39.2779 -76.9585
15033 -6.3097 -77.8163
15047 -160.7392 -102.8370
15067 -48.1906 -150.6155
15069 -30.4544 -181.5858
15076 -110.6830 -109.5895
15088 -55.3613 -131.3800
15090 -116.7105 -100.5923
15100 -149.4116 -91.1387
15121 53.2036 -161.7480
15126 -23.6994 -22.0077
15130 85.2811 -144.1185
15138 15.0638 -158.5907
15163 22.8927 -96.6138
15168 28.9549 -93.2193
15169 97.4748 -58.3253
15175 -15.5242 -165.5075
15197 5.4336 -134.6650
15209 -151.9058 -109.6808
15211 52.0951 -33.2862
15223 -27.3367 -141.2168
15228 119.5411 -122.2733
15235 63.7344 -146.1808
15264 -96.1684 -69.7315
15280 -54.3567 -64.1288
15281 -80.9610 -121.5433
15282 73.6418 -105.5197
15333 49.3584 -152.0390
15349 16.1723 -155.2875
15353 46.8989 -115.1375
15355 -10.6051 -53.3613
15371 -62.1856 -161.7480
15375 -39.1493 -116.8165
15382 54.6585 -54.2373
15385 -5.6168 -52.7225
15387 12.8815 -57.8690
15390 -30.1427 -83.1270
15393 -71.0537 -77.4512
15424 -112.1033 -110.8670
15432 -68.8713 -93.8580
15437 -8.4228 -61.0810
15448 139.0093 -95.5188
15455 -40.7775 -161.5107
15462 51.4369 -36.8268
15467 -2.8456 -161.8758
15469 62.0024 -46.5540
15493 58.8154 -64.4390
15494 -85.0487 -68.1620
15505 -23.1105 -54.0365
15522 -4.3698 -103.4940
15523 -65.5458 -145.0128
15527 -58.2019 -130.5770
15540 24.6248 -170.4167
15541 70.0045 -53.9635
15567 -11.2287 -153.0792
15570 10.0409 -176.5853
15590 86.2511 -53.2700
15608 -139.6429 -83.5650
15610 -56.8855 -137.3478
15633 70.3162 -91.3760
15634 -19.6464 -172.2235
15635 -135.6592 -119.7913
15650 145.3140 -99.9353
15680 9.0363 -124.5545
15688 70.9051 -153.3530
15691 -95.5102 -103.2933
15731 -57.8208 -82.7985
15734 64.8083 -79.8602
15737 5.7800 -182.9728
15742 23.1352 -179.7060
15748 61.5867 -149.7760
15760 -68.0399 -127.3650
15787 58.9193 -157.1672
15790 109.9109 -92.3432
15842 45.5479 -162.7518
15849 59.0925 -45.4772
15857 -34.9924 -70.2607
15861 -78.9518 -111.2867
15871 137.7276 -83.5468
15890 -71.1230 -131.1245
15895 79.0111 -48.1053
15897 -34.9924 -84.4045
15900 -112.9000 -107.2718
15919 93.1446 -110.2283
15933 30.8601 -167.2230
15950 66.9907 -135.2125
15956 20.8835 -34.1805
15969 -23.3184 -71.7390
15977 11.3572 -149.9402
15979 58.3651 -50.7333
15989 52.3029 -113.4950
15992 38.9315 -132.7305
15993 -90.3834 -55.3505
16027 -68.0746 -84.4410
16036 18.5626 -106.2133
16062 132.9125 -106.5235
16069 29.4745 -137.6033
16078 -5.4783 -176.5488
16081 -87.2657 -93.9310
16097 -117.7498 -128.1132
16110 -20.6164 -24.3073
16132 -8.3535 -73.8195
16134 -9.0463 -131.6173
16151 -65.2340 -144.9945
16171 31.4144 -152.0573
16180 0.0643 -60.8985
16184 -106.3875 -64.7675
16205 -31.7015 -25.0008
16214 -46.6318 -116.9078
16215 -53.5253 -63.7455
16221 -117.0916 -87.5617
16243 82.8216 -71.5018
16255 52.1643 -129.6645
16259 -44.8997 -64.0375
16265 -0.3168 -164.7045
16288 -132.8879 -99.2965
16327 -50.7541 -131.1428
16330 94.1146 -133.5518
16336 23.1352 -160.9268
16348 29.4052 -37.3560
16360 -102.5077 -69.0380
16375 -52.1397 -117.4005
16378 -64.8183 -142.5855
16395 -27.1982 -65.0230
16402 19.4979 -126.2152
16424 -31.4590 -180.6368
16429 49.4970 -43.9078
16435 -12.1640 -53.3978
16438 19.3247 -181.3850
16444 -89.8291 -52.1568
16448 63.9769 -138.6800
16453 -48.2253 -138.7713
16460 -25.4315 -94.4603
16464 -118.7543 -84.9337
16473 4.2905 -52.1020
16482 59.7507 -69.1475
16488 -48.7102 -141.1985
16490 27.3267 -163.8468
16491 -33.3296 -43.7800
16504 41.4256 -74.9328
16516 4.6369 -60.4970
16519 42.1877 -155.4882
16527 -79.8871 -138.8078
16530 -93.9860 -90.1715
16544 -7.9378 -78.4002
16546 22.4424 -43.4515
16552 136.0648 -92.4710
16553 -12.1294 -76.6300
16567 -51.3776 -65.0778
16572 30.3752 -153.4443
16589 -102.8541 -100.2272
16595 -105.4176 -114.2067
16598 -84.0787 -138.2420
16601 28.4699 -131.6902
16617 -106.1450 -86.7405
16637 15.2024 -86.1930
16646 -52.3476 -149.3928
16656 -130.6362 -76.1555
16698 33.0425 -161.3465
16712 -68.6981 -156.4555
16714 -82.5891 -72.5968
16715 -147.1253 -114.3710
16735 -50.8926 -115.5390
16740 91.0662 -70.8448
16745 -40.0846 -90.5183
16747 100.8003 -117.0537
16771 78.4222 -81.2655
16788 -47.8789 -140.8152
16796 -43.5487 -94.3143
16809 -84.0787 -68.9285
16810 -104.2398 -119.0430
16812 -26.1590 -111.9255
16826 -23.8034 -78.8018
16828 12.6736 -115.8857
16829 37.3034 -129.8653
16830 -149.1691 -100.0813
16832 65.4665 -118.0575
16833 -79.1250 -80.8275
16834 -70.1530 -122.0360
16838 16.3802 -120.2475
16846 -40.3964 -117.1633
16847 70.2469 -82.7072
16849 -38.2487 -121.4337
16863 72.9143 -80.2618
16878 29.0242 -182.7720
16879 111.9894 -102.3625
16882 -103.9973 -87.2880
16894 -147.1253 -95.7743
16895 -99.4593 -100.6835
16907 -11.0208 -49.7295
16909 -64.8876 -110.6480
16911 55.3513 -72.9070
16915 21.9228 -31.8445
16919 -104.7594 -71.6660
16926 14.1285 -60.3510
16927 -112.5882 -68.9103
16928 -26.8518 -170.2525
16943 93.3179 -133.8985
16946 47.6610 -78.4185
16949 84.3805 -134.0263
16955 -2.2913 -50.5325
16963 -14.9353 -173.7200
16966 -36.6898 -55.8797
16969 -53.0750 -93.7303
16973 23.2391 -155.7072
16977 -104.5169 -73.4545
16991 58.0880 -86.2113
17000 -44.3108 -143.8448
17003 -106.0065 -75.9912
17008 -42.7866 -48.5433
17032 31.5183 -84.9885
17045 107.5207 -114.8455
17049 1.3806 -149.4293
17051 -9.9470 -153.3530
17057 88.8838 -74.5495
17079 60.3050 -106.3045
17084 87.7407 -121.1965
17094 -145.4972 -106.3775
17111 -84.0441 -74.2940
17114 101.1814 -94.8435
17128 -63.6405 -87.0325
17137 -106.5261 -114.9002
17140 -89.2056 -81.8495
17154 50.7787 -156.8570
17160 -110.4405 -105.4285
17162 -32.7754 -149.9038
17171 -95.9952 -69.5125
17176 1.7271 -159.5215
17183 -51.5854 -79.9333
17185 -82.6584 -136.8368
17197 122.7281 -100.8843
17203 -75.1067 -147.2575
17211 -105.4176 -75.7722
17221 -61.7353 -159.7770
17236 -0.4207 -183.3013
17239 68.9306 -82.9263
17240 -86.3650 -60.6430
17248 -85.1526 -55.0950
17287 -132.8879 -99.6980
17291 -30.8355 -111.3232
17293 -56.4352 -69.6768
17315 124.3908 -99.0410
17342 -15.1085 -116.6888
17344 -42.5788 -42.8492
17349 -34.7153 -58.0332
17359 36.6452 -133.6612
17383 22.5117 -137.7492
17403 -3.5037 -122.6382
17422 -81.0649 -111.6153
17427 -88.5474 -54.4928
17434 -40.7775 -171.6395
17463 66.9561 -114.5170
17464 -66.2386 -109.7720
17466 2.0735 -121.3972
17475 2.4199 -182.7720
17488 -80.7185 -93.0003
17495 -44.4494 -56.6463
17508 -11.1594 -118.1853
17528 -87.4735 -87.8172
17543 120.4418 -80.7545
17569 -67.2778 -143.7352
17574 85.1426 -104.8262
17578 -134.8971 -92.1060
17605 -53.5253 -101.1580
17619 28.5045 -33.2680
17621 -63.7791 -127.2007
17627 97.9944 -80.7910
17637 -15.1085 -190.0902
17639 -135.7284 -104.9540
17641 77.0019 -113.4767
17653 -104.4476 -120.5943
17654 35.4327 -82.1050
17656 -41.6781 -95.3180
17658 -10.6051 -22.6100
17667 -139.4350 -88.6203
17682 -83.9401 -105.2460
17683 -41.7820 -108.2573
17687 110.7423 -64.7858
17694 -80.8571 -112.7650
17695 -62.2202 -98.3657
17699 -43.3755 -38.2503
17715 -114.3896 -121.1782
17729 86.9093 -117.5282
17734 -25.5701 -77.9440
17742 85.1079 -137.2747
17759 114.7260 -105.9395
17762 110.8462 -73.5822
17773 -39.2186 -89.1678
17775 -75.1067 -75.6263
17788 -151.3169 -100.7930
17801 -46.0429 -118.9700
17827 -78.1205 -85.4630
17838 -29.1034 -57.3945
17843 -138.9847 -90.6277
17846 -95.5795 -86.7040
17849 45.8943 -36.9545
17855 -6.5175 -151.2908
17857 -3.7809 -52.5765
17860 -52.8325 -138.2968
17878 -94.7828 -56.0258
17883 -142.4142 -96.1940
17904 -108.2235 -88.4925
17905 -67.3471 -102.0158
17919 -64.8876 -46.7730
17938 71.1823 -123.9340
17941 -68.3171 -43.3602
17942 -70.6034 -58.1428
17953 -91.4572 -59.8218
17954 -55.4999 -75.9730
17975 -65.3033 -79.1485
17978 -2.0835 -183.6845
17992 -38.9068 -26.4790
18002 -84.7022 -85.0433
18005 126.8850 -79.8602
18008 62.4181 -106.8885
18011 79.3229 -151.3820
18014 -89.2056 -80.3165
18026 14.2325 -152.7143
18034 -19.4386 -127.3832
18039 103.8487 -117.0173
18068 -58.0287 -95.4275
18079 -44.7958 -57.5587
18091 -147.7835 -95.2085
18097 54.5892 -70.2425
18109 13.7128 -189.5792
18111 -1.6678 -162.4232
18120 -97.9351 -115.9953
18126 -21.5171 -165.5805
18133 -20.6857 -84.1308
18134 -38.9068 -84.6235
18143 30.2712 -96.5408
18150 -32.0133 -145.7610
18152 123.6634 -124.2442
18161 -153.7764 -103.5488
18165 -12.5797 -167.2230
18172 -7.5221 -71.2280
18180 -146.8482 -88.6933
18182 -77.7048 -82.1598
18194 -13.0993 -104.5525
18199 115.3149 -99.4608
18213 -1.1482 -191.1670
18219 -43.0291 -155.5065
18232 -155.8895 -100.7747
18239 70.9051 -143.8813
18243 -42.7520 -105.1548
18251 -32.9139 -24.5810
18252 39.4165 -43.0500
18258 -136.7330 -93.3653
18267 32.9386 -150.1775
18270 47.8342 -49.9120
18278 -95.4756 -75.5532
18298 -56.9894 -80.0245
18304 -29.4498 -92.1242
18307 -9.1502 -168.0443
18309 67.6835 -128.5695
18325 -114.8399 -85.3900
18362 -14.1039 -151.6740
18365 1.7617 -21.6063
18370 106.6893 -62.1212
18376 1.0342 -137.0375
18395 98.7911 -108.3120
18410 -93.2239 -103.8043
18431 6.8886 -63.7455
18441 -76.4230 -133.2963
18444 -43.4795 -39.9657
18448 -12.2333 -192.2072
18460 1.3806 -174.0120
18481 65.2933 -47.8498
18493 -157.1712 -106.7425
18504 -15.2124 -82.5065
18515 -10.8476 -84.7878
18524 76.7941 -127.0913
18528 12.3272 -88.6750
18538 -6.8293 -147.2393
18543 -42.9945 -64.0192
18563 27.2921 -158.8098
18582 39.5897 -173.6653
18584 -19.3000 -128.1680
18586 71.9097 -138.9172
18603 -5.2358 -156.7110
18626 -104.8633 -90.7738
18634 48.0767 -50.7880
18636 44.0930 -113.5315
18646 87.0825 -110.5750
18667 -24.8080 -139.7568
18693 59.6814 -150.5973
18704 -21.0667 -122.0543
18709 -23.0413 -21.7888
18714 20.0868 -35.8230
18739 -9.1849 -74.3122
18741 -78.2590 -45.9335
18747 83.6530 -67.3772
18750 -17.8451 -122.3462
18757 -97.2423 -56.5367
18763 0.0296 -198.5765
18768 -26.7825 -158.7185
18771 -117.3341 -97.8365
18773 -42.3017 -150.3783
18775 64.3233 -127.2738
18797 -51.9319 -137.5303
18799 7.5814 -130.3763
18804 30.3752 -133.2415
18809 -77.6701 -61.5737
18830 -80.0604 -137.5850
18836 -8.5267 -138.8990
18839 99.4840 -135.9790
18856 59.7854 -41.5718
18880 5.8147 -76.7212
18888 36.2641 -76.4657
18889 -5.0972 -174.3040
18891 14.3710 -60.1685
18898 21.6803 -124.2625
18901 56.6677 -128.4235
18918 32.5922 -120.1198
18953 -15.7667 -109.6990
18965 -89.3788 -94.6975
18976 -28.8956 -80.3895
19001 23.4816 -45.3860
19003 95.9506 -121.1417
19004 64.6697 -132.7488
19021 -124.8165 -110.1187
19022 -23.3530 -88.3100
19023 53.8618 -150.4877
19027 -56.7123 -113.4038
19037 119.2986 -118.3678
19052 85.6276 -114.4988
19064 -20.2007 -116.7253
19074 107.0357 -126.9087
19079 83.6877 -114.0973
19082 -21.8635 -18.9783
19084 -37.4173 -116.1595
19110 124.9797 -76.8855
19124 -42.4749 -110.6297
19127 -113.8700 -72.7610
19137 31.1719 -174.9610
19142 -24.3923 -166.3653
19145 -54.3567 -160.0325
19153 85.0387 -76.5753
19167 -6.7600 -157.8425
19183 -83.9401 -81.6123
19192 59.4736 -162.5328
19196 -28.0296 -56.0622
19200 37.4766 -136.1980
19223 106.9664 -125.4123
19240 68.9652 -97.2343
19260 -139.0540 -98.5300
19264 -91.2840 -62.6688
19270 37.8230 -158.7915
19303 10.2141 -159.1930
19310 -142.5874 -106.7425
19323 -41.5396 -65.9355
19331 -151.8365 -104.2423
19332 -131.8486 -97.5263
19364 -112.7961 -85.0980
19372 -29.9348 -119.7365
19399 42.2570 -166.4748
19403 54.7278 -54.8577
19404 -61.9777 -67.8152
19411 32.4536 -174.5960
19415 93.7335 -128.2410
19425 -107.6692 -115.7580
19437 27.2228 -135.8878
19438 -11.8522 -164.7410
19441 -116.7798 -108.8960
19442 5.0179 -132.3655
19443 -133.0611 -102.2713
19458 8.5860 -70.1330
19464 19.7057 -157.1672
19465 10.3527 -116.3055
19473 54.6239 -156.0540
19484 14.3710 -51.0070
19485 57.7762 -165.7448
19487 32.9386 -121.8170
19499 4.3251 -142.2752
19503 56.6677 -55.0403
19510 -6.6561 -158.5543
19511 -102.2999 -87.0690
19529 -34.1264 -147.8050
19543 -89.7945 -53.9087
19551 -136.7330 -116.6888
19552 106.2043 -106.8520
19556 -30.6969 -22.1720
19569 139.5289 -94.4967
19576 39.0008 -76.5022
19610 -11.0208 -18.0293
19621 -51.1005 -104.2970
19627 -54.2874 -51.3172
19633 -94.2978 -114.3345
19635 -23.2838 -59.4933
19647 20.9874 -52.5400
19656 158.3390 -92.8360
19661 -5.4783 -180.4178
19679 8.7938 -172.9535
19684 -30.8008 -75.4803
19685 69.6581 -107.5273
19706 -5.5822 -145.7610
19719 -61.8045 -122.4558
19730 96.8512 -102.3260
19738 -49.6802 -106.5783
19763 -9.0463 -184.4510
19766 22.3038 -30.8225
19778 -117.0916 -69.5855
19790 34.6706 -80.7545
19813 -52.5554 -142.5672
19814 -57.9248 -70.5528
19827 -61.0771 -117.4918
19840 -11.3672 -108.5858
19841 6.9925 -155.5065
19844 89.6459 -117.2728
19845 -33.8839 -173.1178
19854 29.8555 -177.8627
19862 86.4936 -56.0622
19872 3.3552 -62.5775
19875 13.6782 -87.1420
19888 136.1341 -93.8945
19894 -94.3324 -99.8257
19902 85.8008 -81.7582
19909 -95.6142 -110.0640
19923 -75.6609 -66.7568
19931 70.3855 -105.7935
19966 -54.6685 -153.6998
19974 55.5938 -59.1830
19991 71.3555 -77.1775
