1 92.4368 119.5400
2 103.9546 35.3300
3 10.0802 111.5900
4 116.8580 95.4500
5 154.0094 -47.3800
6 39.9746 156.7400
7 114.1908 52.4000
8 45.5862 99.7100
9 171.2082 -64.9000
10 79.9838 8.1500
11 80.5034 29.9000
12 25.7722 175.4300
13 97.2172 134.7200
14 135.6502 -70.1500
15 65.6428 119.4200
16 31.5397 20.5100
17 61.6765 145.4000
18 30.0329 175.9400
19 163.1024 48.6800
20 8.0192 169.3100
21 127.6484 -15.3700
22 62.0922 108.9800
23 0.8487 111.3500
24 144.3102 -60.3100
25 135.1653 -25.6600
26 165.1462 -29.3200
27 99.2782 -6.3400
28 42.9709 13.8800
29 29.7731 126.8300
30 25.4777 95.1500
31 133.4160 -65.2900
32 162.0286 -35.2900
33 123.5436 -63.5800
34 148.5017 -33.3700
35 133.7104 95.2400
36 67.9983 -7.3600
37 42.8150 145.1900
38 11.1194 170.3000
39 81.5426 143.1800
40 12.8168 83.6900
41 164.1763 -92.3200
42 166.9475 52.9400
43 127.4579 96.9800
44 18.4285 166.8800
45 141.4698 31.6100
46 58.4377 92.9600
47 164.9903 -70.8700
48 57.5890 -4.8400
49 84.3138 -8.1400
50 141.0887 13.8800
51 161.0414 79.6400
52 165.7004 -6.7300
53 103.4524 79.5800
54 60.6200 -25.1800
55 155.4643 75.1700
56 90.7914 110.2700
57 88.6784 -31.6000
58 111.8526 -24.6100
59 173.0614 -23.7100
60 148.5536 -57.8500
61 96.6976 112.1000
62 81.8024 12.4700
63 38.6929 175.4600
64 52.4796 2.5400
65 153.4552 110.0600
66 120.7897 22.9400
67 63.3739 77.9000
68 24.8888 137.5100
69 25.4258 25.3100
70 44.0967 104.6000
71 27.4349 144.2300
72 93.3202 111.1400
73 101.6164 8.9000
74 114.0522 23.1800
75 112.5280 92.4200
76 84.3311 122.3300
77 172.9056 -70.7200
78 15.7958 135.5600
79 164.6093 -54.8500
80 109.0121 113.1800
81 166.9302 -42.1900
82 165.0076 -62.9200
83 80.8151 129.2600
84 166.6011 -32.2300
85 105.2190 11.7200
86 132.3248 -20.0500
87 122.4178 -27.0100
88 83.7249 -4.0900
89 99.8325 -17.3200
90 156.3476 104.8700
91 143.7906 -22.2100
92 30.6391 177.2300
93 130.3676 49.1300
94 96.3685 104.1800
95 92.2463 -1.8400
96 60.9491 98.8100
97 37.0128 153.5300
98 85.4222 45.2000
99 118.1051 -13.7200
100 36.6145 88.0100
101 46.6947 87.5600
102 99.4861 42.1100
103 151.9310 -66.1300
104 168.9220 -61.4800
105 120.5299 23.1500
106 14.1851 13.7300
107 126.3321 -5.7100
108 128.3758 -2.0500
109 155.2911 -30.6100
110 146.2847 -41.5000
111 48.4614 145.2800
112 64.8980 90.9500
113 13.4057 176.9600
114 28.1450 177.8900
115 102.6903 12.8300
116 74.7358 -5.6500
117 1.4722 83.2400
118 154.1134 82.7300
119 110.6228 134.3300
120 67.0977 87.6200
121 19.4157 17.7200
122 170.5327 -86.9800
123 88.1242 55.1000
124 119.1096 109.3400
125 141.6256 -8.2300
126 108.6484 89.3900
127 171.6932 74.8700
128 83.6036 118.7300
129 111.7486 112.2800
130 116.8580 -62.6200
131 140.3093 59.4800
132 109.3065 19.1600
133 134.3166 -13.6000
134 98.3083 112.4900
135 44.0448 111.3200
136 46.1578 101.9600
137 47.7512 -26.7400
138 43.1614 23.3000
139 162.8600 47.7500
140 37.3419 89.9900
141 115.4551 32.9000
142 15.2936 95.0900
143 98.1524 -35.5300
144 106.5180 85.9400
145 148.9520 101.6900
146 146.1981 31.2500
147 89.8388 91.2800
148 83.9847 90.2300
149 38.6236 13.3100
150 90.4797 62.3000
151 4.4166 153.0200
152 163.4835 -40.6600
153 169.8399 -80.2600
154 14.5488 94.6400
155 126.1762 89.8700
156 121.4825 20.0900
157 139.8936 -42.8500
158 3.8624 90.5600
159 159.5345 -23.4100
160 0.2598 159.1700
161 128.0641 15.3200
162 10.3227 191.6600
163 48.7558 81.4700
164 6.2872 78.9500
165 57.6410 115.9400
166 154.4078 33.8300
167 10.2708 31.0400
168 32.4057 131.2100
169 39.6628 104.4200
170 163.2237 -60.3400
171 151.6712 -54.1900
172 163.1198 -64.2700
173 76.2253 12.6800
174 55.4413 108.4400
175 64.2745 22.9100
176 55.8397 147.5900
177 121.2920 24.7100
178 4.9362 37.1600
179 43.1268 102.3200
180 100.4387 62.6000
181 138.5600 -23.5900
182 41.5507 15.8300
183 22.4987 174.0500
184 7.7247 141.8600
185 90.0813 -0.9700
186 103.6256 73.0700
187 158.3568 -29.8600
188 43.7157 10.7900
189 28.7339 26.7800
190 102.4651 8.0000
191 14.2370 83.6900
192 78.0786 15.2000
193 2.4421 167.0300
194 1.6454 146.1500
195 90.0640 -37.1500
196 77.5243 31.7600
197 18.0821 34.8500
198 132.5500 -38.2000
199 60.3256 149.4200
200 95.4852 140.7800
201 102.5517 138.9200
202 85.6647 109.3400
203 29.9290 169.8200
204 80.0011 9.1700
205 141.1407 111.4100
206 93.4241 108.3200
207 94.3247 71.9900
208 19.7448 170.2100
209 91.8826 -35.4100
210 36.5106 145.0700
211 135.0440 21.1100
212 22.7065 110.3000
213 8.8678 138.3500
214 156.2437 -89.7100
215 5.8022 37.7000
216 76.4332 144.7400
217 86.3922 59.4500
218 106.7432 68.9000
219 107.5399 -25.5700
220 7.1185 134.2700
221 105.8598 20.7800
222 69.6784 23.9300
223 6.4777 115.1600
224 27.1231 182.6600
225 3.3947 80.8100
226 150.5628 81.4700
227 134.1954 -42.8800
228 103.7988 43.4300
229 23.4513 177.5000
230 96.6456 132.6800
231 24.4905 112.2500
232 161.5263 -65.6800
233 100.8717 -24.1000
234 119.1616 -37.0000
235 3.0656 161.5700
236 106.9164 14.7200
237 30.0848 19.9100
238 108.4578 133.7900
239 11.2407 25.1300
240 134.0222 -36.3400
241 11.9162 139.1900
242 25.7029 6.6500
243 35.2982 29.7200
244 40.6674 93.9200
245 50.0375 -25.8400
246 157.7852 -59.2900
247 11.0848 139.6400
248 93.2162 81.8600
249 64.6729 90.0500
250 101.2354 47.8100
251 169.5801 -92.9200
252 39.4030 156.4100
253 40.6327 158.2400
254 59.9272 141.1100
255 5.1440 165.5300
256 118.4515 35.0900
257 57.0521 84.0200
258 66.4222 -27.1900
259 48.8770 1.6700
260 53.3802 11.1200
261 55.8570 113.9900
262 23.2954 93.5300
263 95.9528 -21.0400
264 92.6793 -37.9000
265 27.6774 -1.6000
266 83.2399 0.7400
267 10.3054 17.3600
268 83.5863 97.4900
269 17.3200 105.9200
270 56.0648 111.4100
271 75.5325 46.9100
272 18.9481 180.5900
273 18.4804 85.7300
274 165.5272 -62.5600
275 73.5927 105.2300
276 105.6693 96.4400
277 168.2811 -21.6100
278 93.9264 138.2900
279 131.0085 -41.6500
280 97.5809 9.2600
281 116.6848 98.0600
282 119.8544 95.6300
283 57.3465 10.0100
284 128.2373 10.9700
285 101.5645 -5.7400
286 124.9811 67.6700
287 62.9928 67.9100
288 105.0804 88.4900
289 40.9791 147.4700
290 53.0165 -20.4100
291 127.6657 15.2300
292 12.8861 14.2700
293 96.6283 55.5500
294 56.5498 154.1900
295 133.3986 70.4600
296 74.1642 23.7500
297 137.7806 -35.3200
298 140.9675 61.3700
299 109.1333 -18.8200
300 89.9428 11.4500
301 164.3148 1.7900
302 79.8972 -7.4800
303 17.0256 19.0700
304 100.4387 10.1900
305 36.1295 51.4100
306 87.0503 117.6800
307 156.9712 67.1000
308 165.3021 -7.5100
309 76.1734 -18.1600
310 155.3777 -30.3400
311 89.6137 42.2000
312 157.0578 -52.3000
313 24.2480 131.7800
314 72.8133 -4.0000
315 135.1653 -23.4400
316 30.2580 173.0900
317 100.7678 117.9500
318 133.8316 21.0800
319 172.7843 36.5300
320 100.7158 78.6500
321 128.9647 113.7500
322 11.2753 43.0400
323 142.1279 -59.5000
324 29.1322 127.8500
325 167.2592 -64.4500
326 30.6391 15.8300
327 114.6930 23.9600
328 81.3867 -5.2600
329 24.4558 28.9100
330 136.0486 8.1200
331 133.6065 57.1700
332 144.4488 -39.3700
333 92.9045 98.0000
334 114.3813 125.3900
335 83.7768 149.1200
336 81.2135 142.7300
337 40.8579 172.2500
338 126.0030 10.5200
339 9.5433 27.6200
340 38.4331 146.5100
341 154.8581 68.1200
342 108.1980 -16.1200
343 115.8015 14.5400
344 126.6958 -65.3800
345 134.9748 -6.1300
346 137.3130 63.5300
347 67.4441 17.9900
348 77.1779 57.7700
349 85.5608 128.4800
350 142.2318 19.6700
351 30.0329 151.7300
352 97.2518 -51.4600
353 30.7603 21.2900
354 85.8033 -3.9100
355 146.9256 98.8400
356 143.2710 -63.5800
357 160.2793 -40.3000
358 28.8724 12.5600
359 45.2398 102.2900
360 126.1589 7.5500
361 13.7521 15.0500
362 18.6710 175.6100
363 49.6391 152.6900
364 75.3074 -25.8400
365 168.0906 -57.7600
366 20.8533 128.1500
367 10.6691 29.4200
368 4.7630 38.1800
369 14.1678 117.2000
370 61.1742 -3.4000
371 147.0122 -34.9300
372 130.7660 16.1900
373 91.2764 75.5300
374 158.7032 -35.0800
375 59.1305 149.3600
376 10.1842 137.5400
377 22.8104 137.0600
378 91.3110 62.6900
379 62.9236 162.7400
380 58.8014 147.2600
381 161.3012 -58.3600
382 24.8022 152.1200
383 17.3720 46.4000
384 100.9236 101.5100
385 44.3565 84.1400
386 44.4258 102.0800
387 42.9709 19.8200
388 110.6575 97.1000
389 9.8724 139.3100
390 147.7916 25.0700
391 124.6174 -47.5000
392 100.9410 -43.5700
393 85.8899 4.5800
394 48.3748 -10.4200
395 19.1559 14.8100
396 125.7432 15.3800
397 16.1942 182.4200
398 106.9683 17.0000
399 158.6512 -41.9200
400 11.8642 97.9100
401 41.2909 27.5900
402 107.7477 -17.2600
403 17.5798 32.2700
404 92.7832 -29.4400
405 164.6959 -94.4800
406 119.4907 -34.3300
407 35.7658 107.0600
408 63.5124 19.3700
409 7.6728 166.1300
410 47.2836 -7.9600
411 47.2663 154.2200
412 3.2735 129.0500
413 0.3810 163.1300
414 128.9820 25.0400
415 24.8715 36.0800
416 45.8460 10.5200
417 164.6959 42.3500
418 104.4569 -29.7400
419 94.1862 -0.2500
420 8.9544 30.6500
421 164.2456 -51.9100
422 118.4515 56.3300
423 0.3637 146.5700
424 151.9137 -83.1700
425 114.7796 107.0600
426 117.3603 13.4000
427 47.7859 1.6700
428 147.2200 -34.0300
429 56.6364 142.1000
430 21.8925 126.0200
431 148.5536 -62.4400
432 112.7532 86.7800
433 94.4979 -40.9000
434 74.4933 72.2000
435 32.6136 26.7200
436 34.2763 29.7800
437 135.2865 99.8000
438 162.3577 89.1500
439 121.7423 9.1700
440 55.3374 2.8100
441 143.3230 105.9200
442 172.6458 -59.9200
443 42.6245 158.4500
444 117.2910 -22.2400
445 147.6703 111.5600
446 67.4960 2.6900
447 158.7032 -86.3500
448 86.6520 45.7700
449 33.6008 0.3500
450 22.2735 27.2000
451 21.4941 167.0000
452 129.9000 3.5600
453 137.9365 24.0200
454 9.9244 89.1500
455 81.9929 135.2300
456 60.4988 95.0600
457 157.1270 85.2200
458 159.3613 -53.4100
459 161.4051 38.8700
460 138.7505 29.3000
461 66.9072 -1.1200
462 6.3564 34.4900
463 19.8660 17.5100
464 158.4434 -77.7100
465 147.1161 38.0300
466 161.0067 42.4400
467 151.5500 30.5300
468 97.8407 -39.2200
469 127.7004 15.8600
470 121.0322 -12.7000
471 152.8663 74.0000
472 62.6464 117.7100
473 7.6381 81.9500
474 171.3987 52.1000
475 78.9792 148.7900
476 170.2210 49.1000
477 152.6931 111.5600
478 80.8324 39.3500
479 101.4779 121.1600
480 111.3676 -12.1600
481 128.9820 -28.1800
482 10.0456 134.4800
483 95.9182 29.7200
484 23.9536 11.4500
485 64.5343 20.3300
486 75.9309 -5.0200
487 80.1223 -8.6500
488 100.0403 24.0800
489 3.7931 187.0700
490 108.2500 -26.1700
491 102.8981 -41.8900
492 122.9547 40.1600
493 172.0742 40.7900
494 60.2043 -30.3400
495 140.3440 -26.2600
496 140.6730 17.3900
497 24.0055 91.5200
498 154.1480 28.8200
499 92.6447 114.2000
500 25.3911 83.8400
501 24.3346 150.7100
502 79.7066 56.5100
503 126.8517 -6.5800
504 145.7824 -35.7700
505 89.0075 38.9600
506 13.0246 169.6400
507 127.0942 100.4300
508 58.4550 -27.3100
509 160.0195 36.7400
510 168.9739 -78.0100
511 135.0440 15.5300
512 38.4850 4.9400
513 134.9748 -33.1900
514 29.5133 144.8300
515 121.8462 -61.2400
516 127.7350 -63.2200
517 172.3513 50.9000
518 145.0377 109.0400
519 14.9818 31.6100
520 110.7268 76.6700
521 13.6482 91.8500
522 88.0202 45.3800
523 106.3968 53.1200
524 147.8955 108.1400
525 165.3367 -69.4300
526 43.5425 8.6900
527 93.6319 63.5300
528 168.5756 -95.7100
529 11.7256 148.4600
530 99.5207 15.1400
531 42.9190 15.5000
532 59.3037 -26.9500
533 0.2944 141.1100
534 163.7606 -7.3900
535 112.4588 -17.5000
536 0.4503 110.5400
537 153.8189 -65.6500
538 118.2263 -59.8900
540 117.3776 57.3200
542 49.8123 153.4400
545 123.4050 46.4900
546 110.1379 43.2800
547 52.9472 159.8000
548 4.7803 158.2100
549 3.2562 96.7700
550 94.6538 140.7800
552 101.6164 47.0900
555 110.4496 127.5200
556 40.8752 174.6500
557 82.1314 142.8500
559 8.3136 40.7300
561 32.3018 5.9900
562 8.9718 79.5500
564 106.8298 54.0500
568 32.4057 138.2000
570 94.8097 102.0500
573 49.9162 16.1000
575 108.3539 91.5800
578 34.4322 102.3200
581 91.3976 145.0400
582 3.7584 77.0000
583 111.7833 58.3400
584 0.4503 175.6400
588 76.6064 23.8700
589 31.1587 179.3300
591 108.8216 109.9100
592 114.7104 43.7600
594 29.0110 127.8500
596 127.2154 67.5500
597 112.9264 24.3800
598 53.9518 13.8800
599 14.3583 102.9500
600 32.9600 176.9600
601 98.1005 49.0100
602 29.3920 32.3000
605 113.3940 24.0200
606 77.9054 113.4500
610 30.2754 174.9200
611 101.5991 80.6000
612 3.1522 172.7900
613 75.0995 50.4800
615 37.0128 139.0400
618 81.2481 41.0900
619 1.3336 186.1400
620 121.1707 104.7500
622 110.0686 60.5000
623 90.2199 48.6200
625 165.2328 67.4600
627 2.9098 121.9400
628 68.1715 101.0900
630 85.7167 38.2100
632 123.6648 31.8800
639 145.5226 101.4800
641 19.4850 22.7000
644 54.2289 18.5300
647 169.8226 75.9500
654 124.2710 80.3300
655 85.5262 92.3900
663 121.5344 29.0600
667 87.1196 63.8300
668 116.9273 131.9300
671 135.9966 71.6300
676 31.6436 30.9500
680 157.9411 108.6500
687 80.3302 23.9900
688 164.2629 78.2300
692 86.1497 97.2800
698 154.6503 64.1300
703 111.8526 65.1200
709 127.3366 95.6000
714 87.5180 100.8500
717 161.0587 87.8000
718 18.0128 5.5100
719 67.1496 21.5600
722 110.7094 68.7500
725 127.4059 107.5100
728 127.4925 92.3300
729 91.3457 52.7000
730 135.1999 38.4800
731 143.8080 29.7200
740 96.1260 60.9200
745 88.6264 44.4200
750 172.4206 76.4000
752 117.0312 108.9200
753 117.8972 42.8600
754 121.8808 57.9800
755 47.1104 15.3200
769 122.2792 61.3400
770 125.5354 26.6300
777 113.4460 113.8400
780 107.2628 36.6200
791 110.4843 39.7400
792 87.5180 22.4000
793 107.3494 122.5400
796 102.4132 23.6600
799 109.6356 126.8900
803 141.4005 58.9400
807 15.1030 17.3300
810 92.9218 39.1700
829 158.7551 31.8800
831 132.0130 52.4600
843 26.8460 15.1100
854 132.6192 54.5000
859 104.8206 75.0500
866 150.1471 101.3600
867 108.8389 89.0600
869 153.2300 69.4400
871 133.2254 102.3800
875 101.5645 53.8100
876 137.5554 61.0400
877 74.0084 36.3200
879 105.0285 59.1500
881 130.9565 91.4000
882 45.8287 24.0500
893 166.1681 78.0500
896 63.5471 23.1200
900 132.9310 72.0200
905 18.0648 13.3700
908 107.2801 90.6500
910 111.3156 79.1600
915 103.5390 36.2600
920 66.4915 19.6100
925 57.6929 21.5000
927 158.7378 43.0400
931 89.6483 18.1700
933 108.0595 124.3400
935 114.2600 112.3700
939 25.0967 28.1900
941 95.5198 99.7400
944 90.0467 25.1900
947 111.6620 132.7400
952 45.2918 20.7200
954 163.6740 50.6000
962 128.6010 98.1800
964 106.7432 86.7200
967 88.7477 42.8300
971 128.7915 61.6700
972 116.8061 129.2000
978 108.4232 74.7500
982 60.6546 15.8300
983 102.9154 26.1200
986 95.8142 60.8300
988 129.2765 68.4500
990 45.8634 24.4400
991 59.3730 19.0700
992 105.5827 49.6400
993 103.0020 84.5300
995 87.3274 40.0400
996 36.8223 20.4800
1001 103.3658 96.7700
1004 168.1599 30.9200
1006 105.7040 101.8100
1008 100.8197 40.9100
1016 142.2145 111.7100
1018 124.0978 81.4400
1019 148.2592 31.9400
1021 114.0176 41.9900
1022 31.7995 30.7700
1023 137.9192 65.3000
1030 157.1097 81.1700
1034 101.3220 59.9900
1039 165.2501 48.4100
1040 87.6912 36.7100
1042 39.1259 10.0700
1043 75.6538 27.4100
1045 166.7743 72.5900
1047 163.5354 47.8100
1053 94.3767 32.6600
1056 105.2190 42.2000
1060 130.9219 56.2400
1062 113.8444 24.1400
1063 145.6785 40.3100
1064 116.8407 32.5100
1066 66.7513 12.7100
1069 123.1625 98.9000
1072 115.0048 20.6000
1074 126.1762 38.4800
1075 111.2290 22.8200
1076 148.1899 26.5400
1077 123.2145 45.6200
1079 118.6766 74.0600
1084 94.0303 84.5900
1090 139.7551 31.6400
1093 106.8644 65.8400
1100 42.4513 13.0700
1101 14.1504 11.8700
1105 79.8279 48.3200
1106 36.1122 11.9600
1107 85.2144 32.3300
1108 164.6786 74.4800
1113 96.3338 51.2600
1114 152.3294 99.2000
1124 115.9747 60.2600
1126 103.2099 106.8200
1129 110.7614 116.8700
1134 152.5546 34.7600
1135 163.5354 65.9300
1137 145.6958 26.1800
1142 117.6548 95.8400
1144 96.5590 97.4300
1151 68.7604 21.3200
1154 161.6822 72.1100
1158 81.0576 47.3600
1160 24.1094 17.8100
1165 67.0977 12.3800
1170 43.5078 10.5800
1171 152.7451 75.1400
1178 110.4150 125.5400
1181 158.4607 44.4800
1183 99.5380 72.4100
1192 149.9566 111.5900
1197 101.0622 100.0700
1199 114.5891 101.9300
1207 117.9146 20.9900
1209 117.6201 67.9100
1210 109.9300 68.9000
1211 134.9574 101.6300
1221 111.7833 68.4800
1222 118.2263 66.2300
1224 138.8371 56.9000
1226 121.1188 82.2200
1231 115.2300 47.8700
1235 80.9190 55.4000
1236 36.5279 25.0700
1244 123.1798 43.3100
1247 131.0085 37.0700
1251 91.0339 37.9400
1255 110.8653 119.0000
1258 145.0030 113.1500
1259 115.7149 81.9500
1260 162.8773 65.4800
1262 162.0286 101.9600
1263 132.8790 65.6600
1266 116.6156 74.5100
1273 34.7439 14.9900
1275 98.0485 116.1800
1276 107.3667 74.4800
1277 123.4916 51.8000
1296 121.2746 21.8900
1297 96.1260 67.6100
1298 32.9426 10.8500
1302 112.3375 32.5400
1305 68.5872 18.2300
1306 82.8589 33.7700
1307 33.4969 29.2700
1308 142.4916 40.9700
1309 154.1653 110.5700
1333 158.0277 69.5600
1336 84.3657 26.7800
1340 90.8434 103.3100
1344 76.7622 18.4100
1348 114.9009 117.9800
1350 61.6592 19.9700
1352 85.9765 20.6900
1353 81.5079 36.3800
1355 164.9730 73.4900
1359 113.3767 106.6100
1360 116.1999 80.9300
1361 133.3640 26.3600
1362 102.8981 21.8600
1363 149.1945 112.1300
1368 62.0749 14.6600
1374 124.6347 37.2200
1376 26.1012 24.4700
1386 42.6592 20.4800
1391 108.5098 68.4500
1392 91.7267 48.8300
1393 86.3748 25.1300
1394 129.7268 32.0000
1397 125.8298 97.3400
1398 120.5992 126.5300
1401 115.3512 118.7000
1404 42.0356 29.5400
1410 99.5207 63.7100
1411 92.4888 40.8800
1412 101.0968 44.5400
1419 152.5372 100.4600
1427 119.5773 86.4200
1429 123.7687 127.2500
1431 164.7652 41.8400
1432 60.6720 17.1500
1437 130.9565 44.4800
1438 110.3804 124.9400
1439 86.0977 51.6200
1440 81.5772 51.2300
1442 77.5936 29.8100
1448 91.9346 81.8300
1449 157.8891 63.4100
1450 160.5737 71.1500
1456 92.7832 17.6300
1459 134.2473 57.0800
1462 130.4542 102.6200
1465 93.6146 69.6800
1471 122.0714 57.6200
1476 118.0358 28.1300
1483 55.2854 17.9600
1488 39.9053 8.3000
1489 78.3557 37.1600
1492 165.8390 42.7400
1493 63.9108 22.3100
1498 161.3185 84.0800
1499 102.1187 62.5100
1504 112.5107 94.4000
1507 126.6438 86.0300
1508 169.3203 91.6700
1510 105.0285 26.9300
1512 112.3722 72.4700
1513 142.1972 34.1000
1522 151.9310 80.0300
1525 109.8608 82.6700
1526 111.0732 104.8700
1529 143.3923 59.0300
1541 115.8708 105.6800
1542 167.7096 37.1300
1550 131.1124 46.7600
1551 129.3804 56.8700
1552 88.7304 51.8300
1560 106.1196 124.0100
1561 109.0294 127.8800
1563 93.8224 19.9400
1569 19.7102 19.5200
1572 133.6238 38.1500
1573 19.0174 15.8000
1583 115.0568 127.2200
1586 99.9018 63.7700
1588 107.1588 62.7200
1589 104.5435 73.6700
1590 57.0867 21.2900
1592 79.5854 26.8100
1594 132.1170 64.2200
1597 116.0786 89.3300
1599 109.5836 88.3700
1602 35.2635 25.3400
1603 82.4778 17.3300
1606 100.0403 92.2100
1609 125.7259 30.1100
1612 22.9490 6.0800
1613 90.5143 33.8300
1614 61.9017 11.6000
1615 99.4688 107.9600
1619 115.4378 88.8200
1627 126.3321 92.9000
1628 17.9435 12.7700
1629 27.2790 6.8000
1631 71.6355 22.6400
1632 152.2601 72.9800
1637 133.5372 73.5500
1638 125.1024 112.2200
1641 161.3358 106.7000
1644 77.6109 31.2800
1645 126.5572 35.7800
1646 134.9228 97.7000
1647 40.3902 13.9100
1649 172.4726 87.9200
1659 139.2701 64.8500
1663 38.2599 16.5500
1668 130.6967 113.4500
1669 81.3174 46.3400
1671 167.3632 78.8000
1683 65.0712 68.6900
1696 59.8579 22.0400
1702 123.6302 32.9300
1703 69.5398 21.9500
1705 124.8599 107.7200
1711 131.1817 30.0500
1713 129.9000 99.8000
1716 37.1687 20.3600
1720 116.5636 52.3100
1726 114.1561 116.6000
1727 116.9793 83.2700
1732 142.4916 63.6200
1734 120.5992 66.2300
1738 105.2363 58.7300
1739 108.3539 91.1600
1740 129.7441 44.6900
1743 147.2373 28.7600
1745 86.0458 19.8800
1747 74.5453 42.7700
1751 111.7660 107.4200
1754 116.6675 41.3600
1756 129.7788 95.9900
1757 119.4560 126.6800
1758 163.9338 77.2100
1759 49.3100 9.0800
1763 85.1798 51.8300
1771 94.3594 31.9700
1773 21.2516 23.0000
1774 86.6866 61.7900
1777 170.9830 70.7000
1778 69.5052 19.1000
1783 124.6174 40.5500
1785 107.6438 46.7300
1787 84.1925 100.0100
1789 36.4413 24.9200
1795 90.3584 102.8300
1797 96.7842 35.7500
1798 67.3055 23.2700
1800 112.7012 114.0200
1801 152.6412 31.5800
1813 133.0176 26.1500
1814 139.1316 72.9500
1815 114.1388 44.6000
1818 158.2182 68.7200
1825 135.5636 58.0400
1827 97.5636 83.9000
1828 118.2090 101.3900
1831 20.1258 18.3800
1844 111.0212 46.0700
1845 130.3850 104.3600
1847 143.4616 106.5500
1848 119.1443 29.2100
1862 103.4524 106.7600
1863 68.1542 15.7100
1867 130.8353 37.0100
1869 74.5106 42.9800
1871 99.0877 34.2500
1886 127.6484 61.7000
1889 38.3811 13.8500
1892 110.1206 125.0300
1894 172.1954 32.5700
1895 83.9674 50.9000
1897 88.6957 99.5300
1905 106.3102 57.2000
1907 116.4250 46.1300
1913 172.4899 51.5600
1914 81.4213 45.4700
1915 104.1452 86.6600
1918 117.7933 103.1900
1921 85.8552 16.3700
1922 115.5590 113.7200
1927 116.4943 76.7900
1928 156.4342 33.0800
1932 107.2974 26.2400
1938 133.2428 43.4600
1944 33.3756 24.6800
1947 111.2810 81.3500
1951 121.4132 36.7100
1952 86.0458 30.5600
1953 117.8106 57.0200
1955 105.4788 63.3500
1958 79.7413 40.8500
1960 23.2954 8.7500
1963 33.3410 6.5300
1969 92.4715 52.4300
1974 89.8735 89.5700
1984 129.6056 101.0300
1987 66.8206 13.5800
1989 74.9436 13.6400
1990 164.7998 75.9800
1991 116.6329 93.4100
2011 150.8399 110.6000
2015 162.7560 37.5500
2025 75.8096 19.7300
2030 119.3868 75.4100
2033 118.1224 24.6500
2046 130.3850 39.3800
2047 86.7732 48.6200
2050 32.8214 22.7900
2057 89.3192 27.9200
2058 109.5144 103.1300
2059 125.6046 36.7700
2061 126.7824 106.1900
2062 28.1104 30.3800
2070 170.4634 82.4900
2074 87.1369 100.2200
2077 119.4387 25.7600
2081 131.2510 72.3800
2083 48.6692 18.5000
2084 95.5544 89.7200
2087 137.4342 28.7000
2088 63.1660 11.4800
2093 106.8817 54.4400
2102 89.7522 92.0600
2103 97.7541 68.0300
2109 100.9583 53.5700
2110 113.2035 29.9300
2114 82.2180 47.2400
2116 84.0366 38.1800
2120 101.0622 80.0000
2123 79.4642 38.5100
2126 105.9291 110.8100
2127 108.5618 53.6600
2128 113.1169 126.1700
2133 104.6128 44.7500
2139 37.9481 18.5300
2142 167.8135 42.4400
2145 45.2225 25.4000
2146 129.9346 96.7100
2156 101.7896 46.1600
2160 117.2044 55.1300
2161 160.6257 81.6200
2162 119.6119 74.3600
2163 97.3904 87.0500
2166 150.5281 38.6600
2176 134.6457 71.5100
2178 67.0804 76.6700
2182 138.0058 73.1000
2184 81.2135 23.0300
2186 96.5244 22.5500
2187 141.9547 117.3500
2188 26.7248 5.3300
2189 30.0502 14.1800
2194 94.3247 31.3400
2199 119.5426 50.6300
2203 129.2765 112.4900
2210 102.9328 44.5100
2212 90.7395 59.1800
2214 162.8080 40.7000
2215 90.5143 53.2700
2216 103.2965 38.7800
2217 154.3385 66.8000
2225 111.5408 89.3900
2229 122.0540 35.2700
2237 100.5946 33.3500
2241 85.3356 55.7300
2248 116.9620 131.0600
2250 84.5389 40.3100
2253 26.9153 17.9300
2254 43.4212 20.3600
2255 135.8234 75.4700
2260 139.2701 29.9600
2261 79.7066 57.7400
2267 94.2901 99.2900
2272 29.7384 16.1300
2281 102.4998 75.1100
2282 157.6813 41.3000
2283 32.2152 17.1200
2284 130.2637 46.1000
2287 148.5363 110.2400
2289 21.9618 23.1500
2290 88.1588 33.3200
2296 163.4315 50.9900
2302 121.2054 89.2400
2305 94.3247 56.1800
2306 37.5844 29.3300
2308 146.4579 110.3900
2310 133.5892 69.8300
2312 106.6739 54.5600
2313 114.0695 98.6900
2314 12.6782 14.6600
2320 35.3328 6.3200
2322 156.9192 27.8900
2333 116.8580 28.6400
2334 91.8133 54.6200
2339 107.6438 107.9900
2342 124.2364 31.3400
2347 94.5326 78.8600
2353 82.6337 52.9700
2355 151.0477 85.6400
2361 56.4459 17.6300
2364 15.3975 13.0100
2365 156.6248 103.2800
2368 80.9364 17.4800
2373 103.6775 117.1100
2377 114.4159 37.7300
2379 155.2218 39.3200
2381 169.9785 84.2300
2394 75.0822 46.9700
2397 94.2381 47.6300
2407 96.5763 104.4200
2408 108.3886 106.4900
2413 93.2162 71.5700
2416 76.4505 34.5200
2421 103.0540 20.6900
2422 99.5900 19.5200
2424 106.1889 83.2100
2425 33.0812 10.3700
2428 170.7406 86.3000
2433 91.6748 46.0100
2436 132.1689 33.8600
2440 85.5954 88.8500
2446 38.5890 28.3100
2447 69.4186 20.9600
2451 64.9327 12.6800
2452 106.6912 120.2300
2453 88.7996 85.1300
2455 39.3684 26.4500
2463 77.9054 20.7200
2468 161.4397 73.7300
2471 147.4971 100.1600
2474 84.9546 89.3000
2476 123.8380 70.4600
2479 101.4606 30.5600
2494 112.3375 94.5500
2506 99.9537 102.9800
2510 98.7240 56.6000
2511 99.2609 84.5900
2514 110.9692 45.1700
2515 137.0878 28.3700
2516 100.5253 68.2100
2517 122.2272 75.6800
2519 143.1844 42.1400
2522 122.9720 48.2300
2527 120.9109 42.0500
2528 111.0732 53.0300
2530 173.0095 71.1200
2532 139.3740 55.9400
2534 76.7622 17.7500
2535 122.7815 77.1800
2537 82.4952 97.7000
2539 109.1160 64.0400
2542 119.2828 125.8100
2544 109.6876 127.1000
2551 98.5162 35.6000
2553 103.8507 111.8000
2558 108.8908 116.6900
2563 37.2726 12.7700
2565 102.3266 92.5700
2568 128.6876 92.8400
2572 70.5097 78.6500
2573 50.3319 15.8600
2575 81.3001 42.2600
2579 88.5052 57.5600
2580 112.4241 94.7900
2583 140.0842 115.6100
2584 126.4187 26.6300
2588 143.4442 27.5000
2589 128.4451 101.8700
2592 117.9146 25.9400
2594 153.3686 101.1800
2597 131.8918 26.9300
2601 166.1161 86.6000
2602 160.7816 35.2700
2604 80.5900 22.7600
2606 24.6117 15.2300
2610 96.5763 34.4000
2611 173.0441 51.0800
2617 98.6374 100.7900
2621 84.3138 20.2100
2626 97.8407 29.7200
2627 119.5600 126.0800
2628 121.3959 58.4000
2635 118.2783 37.3700
2636 116.1479 68.3900
2639 147.0641 105.6500
2647 126.4706 98.4800
2648 75.5498 55.2500
2649 68.8124 77.3600
2650 15.2243 17.6900
2651 35.5926 26.6300
2654 131.1817 27.0500
2656 105.6347 101.5400
2663 134.0741 37.6700
2665 125.1197 98.7800
2669 54.0038 10.3700
2670 112.2163 101.0600
2671 167.6403 29.9000
2675 105.7559 97.7900
2679 93.1989 72.8900
2680 83.4997 35.7200
2684 122.9893 88.6100
2686 127.3886 81.3200
2692 170.0997 71.7800
2698 141.8681 34.4600
2701 59.8579 17.3600
2703 159.9675 35.1500
2708 98.7240 23.5100
2710 88.2281 45.9200
2715 41.6719 19.5800
2716 101.1834 76.7900
2718 76.2253 38.6900
2722 99.2436 22.6400
2723 96.2992 32.0000
2725 85.3183 24.3800
2727 114.9702 128.6600
2730 153.6630 108.0500
2731 144.7952 30.9500
2732 109.3238 47.2100
2735 127.0942 113.2400
2745 25.0274 24.2300
2746 162.2884 39.4400
2751 118.0531 59.9300
2752 154.6330 85.3400
2755 15.3975 14.6300
2758 100.2828 37.4000
2761 71.3930 81.0200
2762 168.7141 90.6200
2763 75.7923 47.9900
2766 131.6840 69.8000
2767 152.2774 73.6100
2770 158.2009 87.9200
2771 168.4716 44.7200
2773 96.1780 28.9400
2774 159.8463 49.1600
2775 152.5892 42.1700
2778 148.0340 41.1800
2782 28.0930 8.8100
2785 125.1024 54.2000
2786 96.8015 39.5000
2790 91.4842 27.9800
2791 159.1881 76.4000
2801 96.9400 91.7900
2804 171.7971 43.2800
2806 23.3647 14.7200
2807 129.5882 24.4400
2813 106.7258 24.6500
2817 74.0430 19.3100
2823 112.4068 115.4900
2825 32.4577 18.5600
2827 138.6293 55.8800
2829 91.9172 39.9800
2830 119.5080 63.9500
2832 118.2956 47.8400
2838 156.1225 33.7700
2839 110.2591 84.8000
2844 170.7406 87.8300
2845 114.2774 91.6100
2849 155.7761 44.0000
2852 107.5572 82.0400
2853 110.9519 85.7900
2861 142.4050 32.1500
2862 98.3083 88.1300
2869 168.1252 85.4900
2871 124.9292 97.6100
2878 126.2108 55.5200
2886 57.3638 10.3100
2894 115.2126 77.1800
2896 162.9639 76.6400
2902 111.5408 104.4500
2904 163.1890 76.1000
2907 60.5161 14.5400
2908 138.6120 119.5400
2910 141.5737 66.2300
2911 89.3366 94.6100
2913 148.8308 107.7500
2920 90.2026 72.5000
2932 96.4204 34.3100
2935 76.6064 30.7700
2947 52.8260 19.6700
2949 76.0002 47.3600
2950 44.6510 22.5500
2951 99.0704 101.2700
2952 84.4870 24.1700
2955 111.2637 107.3000
2970 102.2919 41.3000
2972 111.7833 76.4600
2978 168.5929 82.4300
2982 106.0850 107.6000
2986 81.6811 23.3300
2990 117.9665 73.7000
2991 36.3374 23.7200
2992 129.0513 54.0500
2995 104.8553 94.3100
3000 74.0084 36.8600
3002 69.2973 14.3600
3007 119.7678 63.2000
3013 107.5226 52.8500
3017 160.7123 47.0900
3032 96.5417 103.0400
3034 93.4760 19.4000
3035 41.2216 24.2900
3042 87.9510 100.4600
3043 151.3075 110.0600
3050 80.9190 26.4800
3053 128.4971 43.5800
3055 138.8718 28.1900
3056 162.1845 102.2900
3066 138.9410 32.3000
3070 107.6265 65.9000
3071 92.5061 99.8900
3072 79.3776 14.1200
3091 111.8352 92.6000
3092 84.0886 19.4600
3098 135.5290 94.5800
3103 121.3266 22.8500
3104 127.8043 34.3400
3109 83.3958 20.9600
3110 76.0175 22.6700
3111 152.1562 80.7500
3112 41.1350 27.2300
3115 38.8834 22.7900
3116 128.5837 96.4100
3118 109.5490 36.6200
3121 84.1752 97.0400
3123 107.1935 107.8700
3135 33.5835 26.1500
3146 93.8571 42.0200
3152 157.7159 30.6800
3154 115.0048 125.3300
3156 122.3485 86.7800
3162 158.6858 105.0500
3164 89.8388 18.3800
3166 118.2956 105.7700
3168 96.3512 33.0500
3172 133.0349 57.3800
3176 122.9547 65.8700
3187 78.3384 46.4900
3188 142.2145 117.1400
3190 63.8415 18.0500
3193 90.1160 58.4000
3197 94.5152 74.6600
3206 170.7925 52.4600
3209 110.8826 92.2700
3210 40.0612 25.0700
3212 32.9946 14.0300
3215 81.5426 54.5300
3216 102.5690 41.9600
3218 128.8781 79.3700
3222 111.7486 57.1700
3225 123.3877 39.4100
3227 115.1087 35.6600
3230 136.3777 74.6900
3231 87.9683 40.7000
3236 155.3604 68.2400
3246 129.7441 97.9400
3250 86.4095 36.3500
3251 120.4779 91.1900
3257 122.7988 62.3900
3259 107.1588 111.5600
3267 129.2592 90.9200
3272 106.7085 25.4000
3273 113.4460 51.9800
3279 111.4715 115.3700
3283 62.5425 15.5000
3284 64.8634 18.6800
3285 114.1388 133.4600
3286 107.5572 95.7500
3287 126.8170 23.4800
3291 110.2591 92.8100
3296 86.9464 85.9100
3302 26.1705 5.3900
3306 90.8780 28.3700
3308 94.6884 64.1000
3311 76.1387 53.1800
3324 168.7661 67.3100
3325 120.5126 108.2000
3329 33.8779 9.8600
3331 105.1324 20.8700
3332 91.6401 54.8300
3335 89.1980 83.8100
3338 130.8353 55.1900
3339 96.2299 43.6400
3343 88.7996 94.4300
3345 157.6813 82.2500
3346 112.2856 110.6900
3356 112.9610 125.0600
3362 114.1215 64.8800
3367 161.9420 70.6100
3380 76.6237 45.5600
3384 120.4952 59.9300
3391 38.5890 22.4000
3392 70.5790 81.6200
3396 26.2571 25.7300
3408 104.5089 89.3300
3411 137.7460 24.8900
3412 101.6511 105.9200
3420 98.1351 104.3000
3421 160.9894 103.9100
3428 165.4580 89.8100
3431 122.2099 43.6100
3432 139.6858 32.7200
3437 143.7387 106.9400
3440 130.3157 108.8300
3445 82.9974 31.1600
3453 160.4698 42.8300
3456 54.7832 9.8900
3460 118.2783 31.8500
3462 115.8881 51.0500
3464 73.4022 42.2900
3468 19.0000 4.7000
3476 82.9108 37.0100
3477 132.5500 99.8600
3478 97.7714 108.9800
3479 26.0666 21.3200
3480 123.6648 71.5100
3483 167.5537 30.0200
3484 94.2381 73.7600
3490 40.2863 27.7700
3492 101.1488 103.7300
3497 109.7222 123.5900
3501 81.2135 34.1600
3503 81.6465 52.7600
3511 111.2290 44.6000
3512 115.8881 132.4400
3518 116.9793 110.5700
3522 126.7131 79.5800
3523 96.1087 103.0700
3524 159.5865 41.6000
3528 123.4916 32.9300
3530 46.3137 20.6900
3532 114.8489 78.8300
3533 94.9309 86.1800
3535 101.4952 18.0200
3539 111.2810 93.4400
3540 92.3849 39.3800
3541 113.6365 21.9500
3542 137.5554 65.0900
3544 143.4269 35.2100
3546 97.1652 113.2100
3551 21.8059 24.4400
3556 98.4988 41.0300
3559 170.4461 86.2100
3564 152.8836 69.5900
3565 127.6657 32.5100
3567 88.5398 43.4300
3569 101.4952 35.6300
3576 51.4231 18.1100
3581 114.9875 51.4700
3583 86.0631 28.8800
3587 123.0413 27.2300
3590 122.9374 60.2600
3601 112.5107 124.6100
3605 38.7102 41.8400
3607 110.2072 95.6300
3618 89.9601 100.0100
3619 123.5436 59.2400
3622 40.1478 40.5800
3626 159.1362 85.2500
3627 110.2938 30.1400
3636 73.5234 45.2600
3637 105.2363 58.4000
3641 156.0012 108.2300
3645 87.7258 22.3400
3646 126.1589 70.4000
3652 159.8636 34.6100
3655 31.0028 19.0400
3669 138.9930 66.0500
3675 103.0194 100.6700
3679 75.5152 19.8500
3680 103.8854 74.9300
3683 98.6547 50.3300
3685 108.4232 43.7900
3689 142.8207 112.1600
3696 169.3030 30.0500
3698 111.0905 31.9100
3699 103.7988 45.6200
3703 32.7175 15.0500
3704 121.2920 93.5300
3706 161.7342 32.1800
3708 106.1889 23.5100
3711 113.0303 57.3500
3712 106.9510 22.1000
3715 95.0695 89.1200
3720 56.7403 19.4000
3724 118.7459 74.4200
3725 120.6511 127.0400
3726 66.6647 77.5400
3727 165.1289 67.0100
3735 139.6685 71.1200
3738 82.1314 26.4200
3742 109.2719 26.9000
3743 106.5873 42.7100
3752 90.3584 49.1300
3753 138.4214 69.8000
3754 162.7387 41.7200
3766 26.4996 6.2300
3771 132.5153 45.2900
3778 141.9720 109.9400
3785 122.7295 35.7800
3794 113.6365 54.6800
3796 113.8444 99.4100
3798 137.4169 75.4400
3800 15.5014 15.4400
3801 130.9738 46.6400
3805 115.0914 111.0500
3806 140.1881 59.7200
3813 127.9255 90.6800
3814 24.1787 15.6200
3816 111.8006 33.9500
3821 153.4206 35.2400
3822 129.4324 107.6300
3823 150.1471 35.3600
3829 101.3913 67.0400
3830 139.2008 59.6900
3832 165.3367 52.2800
3838 112.5454 125.4800
3844 168.8180 35.4500
3846 141.1926 57.7700
3848 43.7850 20.7500
3849 170.7059 35.7500
3855 29.2881 9.7700
3858 36.4240 26.5100
3859 100.3867 57.5000
3861 88.8516 90.8600
3868 31.0894 22.7300
3872 72.1205 23.3600
3884 65.9546 14.8400
3885 79.4642 40.5200
3888 94.6538 104.8400
3890 55.5626 14.7200
3893 122.4697 46.7900
3894 110.7960 48.9500
3895 99.5900 46.3100
3896 58.9400 18.9200
3897 83.8288 56.9000
3902 111.5754 111.9800
3903 101.5818 60.2900
3904 63.0275 74.2100
3906 76.3119 50.3600
3908 116.1306 43.4600
3909 112.3548 72.6200
3910 96.8534 47.6600
3914 35.9217 19.9100
3916 142.0067 117.1100
3917 102.6383 18.5900
3921 166.6704 43.3700
3922 167.0341 88.7900
3925 47.4568 13.7900
3928 152.1562 26.8700
3929 103.3658 66.3200
3930 83.2399 40.7000
3931 78.5635 41.2400
3933 121.5344 29.5700
3935 116.0613 126.5900
3936 117.8626 70.8200
3939 116.8754 96.5900
3943 120.0449 57.6800
3944 100.5426 119.0300
3949 103.9200 96.6200
3951 21.9964 21.9500
3953 113.6538 40.7600
3964 169.9958 31.0400
3968 56.5498 10.9100
3969 41.2562 12.8600
3970 50.1587 18.3500
3976 86.3402 86.8700
3977 98.7760 39.9500
3979 118.1397 97.2200
3980 114.4506 57.5900
3981 56.3420 10.4300
3982 77.4897 38.3000
3984 131.7359 102.8300
3985 125.8298 25.9400
3994 156.9192 72.9800
4000 119.8890 26.8400
4001 31.3319 26.0900
4008 117.7414 60.1100
4011 111.7833 43.9400
4012 135.1826 59.6600
4023 147.2893 101.1200
4025 36.1122 31.1000
4031 36.0429 31.7600
4038 32.2845 13.9700
4040 128.9474 91.5500
4043 144.6566 105.5000
4046 142.5436 27.8000
4047 107.2801 72.5000
4048 61.9536 71.0600
4049 144.5874 37.1600
4050 129.8827 36.2900
4054 168.4890 53.4200
4060 31.9900 10.5800
4062 78.9792 47.5400
4065 119.6292 60.5300
4072 119.6812 56.5700
4073 30.9855 12.4400
4081 143.9985 37.6100
4084 95.2773 33.7400
4087 163.5181 90.2600
4090 34.3802 24.5900
4094 75.0649 23.4200
4095 103.6429 23.5100
4097 81.7331 52.5800
4098 125.5354 104.9900
4106 99.1570 97.5200
4107 165.5272 88.7300
4108 23.5725 24.1400
4109 95.9528 42.3500
4111 114.7277 112.7300
4113 92.2983 20.3000
4115 109.9647 110.0000
4118 105.2190 98.7500
4123 22.4294 6.2900
4128 14.0812 13.1300
4129 98.4988 23.1200
4130 112.1643 24.7700
4134 83.2572 37.1600
4135 106.8990 58.1900
4138 70.6656 79.7600
4142 83.4997 52.8800
4144 114.6584 98.7200
4145 48.3921 18.4400
4148 66.4395 22.1600
4149 31.1760 8.5700
4150 70.8908 73.7000
4157 112.4934 85.3700
4159 86.3922 53.6300
4161 80.5380 20.4200
4162 122.6256 28.6100
4163 109.2372 32.0900
4164 117.1871 111.4100
4166 102.6730 35.5700
4174 130.6101 94.1600
4179 131.3376 47.3900
4184 92.9045 61.3700
4186 115.2126 65.6600
4195 17.8050 6.2600
4204 20.1258 5.4500
4208 161.6476 72.6200
4211 167.4324 45.0200
4214 76.9701 49.1000
4215 160.3832 64.1000
4220 108.2327 64.5200
4223 153.2300 31.8800
4227 108.4059 113.2400
4230 113.3074 105.9500
4231 131.2683 66.9800
4238 79.7932 48.0200
4240 135.3385 71.5700
4241 108.2154 43.4600
4244 98.3083 103.2200
4245 109.3065 116.1800
4248 121.4132 40.9700
4252 90.0813 25.5200
4255 112.9091 95.2100
4262 120.1488 92.1800
4265 102.8115 105.7400
4269 109.4624 122.2700
4274 119.1789 85.5500
4275 96.9054 100.1600
4278 28.3528 31.9100
4279 128.6356 48.5300
4283 109.1506 36.2000
4286 154.5983 32.2700
4287 132.9137 55.1000
4290 93.7532 108.6200
4292 35.6619 28.0400
4300 30.6737 10.7000
4303 98.8626 100.2800
4304 105.5481 68.5400
4306 118.6593 69.4100
4313 171.8664 71.0000
4316 93.4760 77.4800
4318 99.9537 59.9900
4319 138.4907 58.2800
4320 101.0795 41.3600
4321 94.7058 34.5800
4327 78.7540 55.1900
4328 114.3466 100.2200
4330 127.5445 58.1000
4331 112.1470 81.1100
4333 16.1422 15.2300
4334 125.3448 79.1600
4338 89.3712 87.4100
4339 133.2254 55.6100
4341 96.5417 29.6000
4343 154.1480 84.6800
4344 141.2619 28.1300
4345 102.3439 98.8400
4348 154.5637 41.5400
4350 65.5216 12.5900
4356 81.8716 29.4800
4367 118.7113 33.8000
4373 91.7614 74.2400
4376 104.3876 29.9000
4378 139.2528 115.2800
4381 79.7240 59.5700
4384 49.7084 18.6800
4388 149.5062 26.8100
4389 92.3329 105.8000
4391 124.7560 59.8700
4393 161.9074 64.7000
4397 118.1224 100.8800
4400 164.7825 70.0700
4402 89.1114 105.1400
4406 43.5771 10.1300
4418 90.0813 82.3100
4419 102.5344 74.8100
4420 156.8672 45.8000
4422 117.4123 107.5700
4424 80.3994 24.8300
4426 131.0951 27.3200
4429 160.1234 103.9100
4436 85.7340 53.5700
4437 45.8980 17.0900
4439 41.8278 8.9600
4444 92.1597 71.7200
4445 98.2910 50.5400
4446 163.8299 47.6900
4448 113.6712 49.1600
4450 94.0476 46.3700
4452 152.1562 42.5600
4453 18.6710 15.6800
4457 98.1178 53.3900
4462 125.2929 49.4900
4466 109.9647 48.2600
4470 158.9803 34.8500
4471 98.8452 80.7500
4473 128.6530 95.1800
4475 130.8872 45.7400
4481 25.3392 12.2900
4483 115.8535 93.0500
4485 138.4907 68.9000
4490 166.8609 37.9700
4492 114.3813 111.5000
4500 168.2638 42.8000
4501 123.3011 91.3400
4509 133.5718 63.5000
4510 110.0166 79.9700
4513 84.2964 53.0900
4514 42.5552 12.6800
4515 101.8762 58.4300
4516 72.3976 19.1600
4520 132.5846 29.2700
4523 94.5845 55.3100
4524 162.7560 84.9800
4534 171.2082 80.4800
4537 113.0996 92.1200
4538 141.1407 28.6400
4540 165.5619 47.2700
4547 115.7842 84.1100
4549 101.4259 93.7700
4553 131.2683 64.3700
4554 170.3942 52.2500
4555 90.6529 98.4500
4557 104.7687 29.6600
4558 111.8352 72.8600
4561 111.1424 35.5100
4565 72.9518 71.9600
4568 74.4240 47.2100
4569 113.2728 100.2500
4572 31.0894 7.1900
4573 151.6712 106.9100
4579 121.6557 35.0300
4585 88.3666 81.5000
4586 158.7724 28.2800
4587 42.4513 13.5800
4588 169.3550 47.4800
4589 148.0687 81.5900
4592 127.3020 44.2400
4595 166.2893 71.0600
4607 114.2774 117.5600
4609 108.3886 111.4100
4611 119.8890 69.3200
4614 111.0905 97.8800
4618 85.1105 17.6300
4622 159.7770 67.3100
4634 113.2555 85.7000
4636 120.6511 101.0900
4638 103.3311 31.5800
4641 161.6649 103.9400
4643 163.5701 88.5200
4645 42.9882 20.2100
4648 168.4370 69.8900
4650 48.0457 12.6800
4657 41.6719 24.2900
4658 17.9955 9.2300
4660 70.4924 54.4700
4662 67.0977 75.4100
4665 118.7286 29.6300
4671 96.1087 40.7600
4672 120.1488 84.0500
4673 87.9510 102.5000
4675 148.8308 36.5900
4677 113.1862 49.7900
4701 169.9438 89.7500
4703 123.0413 86.7200
4705 119.6119 49.4600
4706 114.0349 128.9300
4709 164.5920 73.2500
4710 135.4251 30.8900
4711 143.4442 103.9100
4716 83.4651 55.6400
4717 44.8242 18.9200
4720 90.6875 93.2900
4722 128.3932 27.1100
4723 166.0815 68.2700
4724 117.9492 36.6500
4729 108.6137 35.3300
4730 120.6511 60.4400
4731 89.9081 96.9500
4743 37.7922 13.2200
4747 123.9419 52.0100
4750 38.3984 31.4900
4752 150.5454 102.6200
4754 97.0440 19.0400
4762 118.3995 54.6500
4765 129.1206 64.2500
4767 126.6438 105.8900
4771 95.8662 56.1800
4774 126.9036 112.9100
4775 106.9164 75.8600
4777 141.1234 67.9400
4781 56.6191 15.8900
4783 168.0733 83.5100
4784 98.9492 98.4200
4785 30.1888 33.8300
4788 76.5198 35.0000
4790 168.1599 68.0900
4796 105.0978 121.3700
4800 39.3510 9.9200
4804 77.4897 14.5700
4809 94.9309 20.8100
4811 87.6738 85.9700
4816 25.7722 26.4500
4820 33.5662 11.1800
4823 97.6675 106.1900
4825 108.1634 99.4400
4827 152.7104 83.4800
4828 114.8143 89.8100
4830 122.1233 85.6400
4832 84.7814 92.0300
4838 170.6540 87.9800
4839 113.9310 71.6600
4841 121.5518 73.5800
4843 121.6210 79.0400
4848 119.6292 92.4200
4851 95.1041 102.0500
4855 124.6347 93.6500
4858 113.5499 51.6500
4860 100.5080 88.6100
4864 128.3239 51.7700
4865 120.2528 45.8900
4866 91.6574 97.4000
4868 100.5426 85.9700
4869 33.5662 33.3200
4874 149.9912 82.3400
4875 172.1088 91.5800
4878 94.3420 29.2700
4881 125.5007 60.5900
4884 47.9764 13.0400
4886 94.9482 85.6100
4892 92.6100 87.3800
4896 94.8790 21.5000
4897 112.6320 64.3400
4906 109.6183 84.1100
4907 115.2473 104.5400
4908 171.5200 49.9100
4911 108.9082 73.8500
4914 34.5361 34.3700
4925 94.7924 33.2900
4929 83.9847 25.0400
4930 100.3001 53.5100
4931 102.2053 77.7500
4938 117.8453 60.8600
4942 136.8626 66.4700
4958 100.4040 91.1000
4960 86.0804 21.7700
4965 19.5023 22.2200
4967 55.4760 13.4000
4971 66.2836 18.9200
4975 82.0622 53.5400
4982 96.9400 68.8700
4996 168.6622 52.1900
5001 131.5454 27.4100
5004 138.1097 30.2300
5006 113.5672 130.7900
5011 75.1688 15.6500
5013 125.6566 84.5900
5014 123.1452 58.8200
5021 133.7104 44.8100
5022 80.9537 29.8100
5025 69.5398 54.5900
5030 34.9344 29.8700
5038 32.8560 28.9700
5040 110.1379 118.3400
5041 85.9938 95.5400
5047 35.3155 23.0300
5048 36.7011 27.3200
5051 170.9138 79.6100
5052 97.4770 92.2700
5053 100.5946 85.7600
5054 34.8998 15.6800
5056 38.9007 14.9000
5061 96.2126 46.1600
5063 117.4989 30.4100
5064 74.9263 36.1100
5066 96.8015 89.7800
5067 133.6758 24.7400
5069 20.0392 15.0200
5073 132.3248 54.0200
5075 113.5153 84.5300
5080 134.5764 32.7200
5086 97.4077 80.9300
5093 117.1871 127.6700
5098 123.7341 112.1300
5101 156.7460 67.0400
5104 117.9838 57.2000
5106 134.3166 68.6600
5108 99.3822 31.9400
5109 95.2427 48.2900
5110 107.3147 46.5800
5112 164.3668 75.9500
5117 113.9310 77.8400
5123 169.8746 51.4400
5124 115.3512 52.8500
5126 126.7478 30.6800
5133 57.2080 18.3800
5136 117.5335 83.7500
5137 44.5817 19.5800
5138 171.5719 89.0000
5142 78.0093 48.3500
5143 140.3093 70.4900
5147 91.6574 93.9200
5157 163.9684 73.8200
5158 18.6883 3.3200
5159 15.1550 12.4400
5161 154.0960 44.5100
5163 155.6375 40.1900
5167 171.8144 81.8300
5168 166.8955 80.9600
5171 93.2162 96.5300
5174 120.1835 110.1200
5178 43.1441 26.7800
5179 171.3814 92.1800
5180 92.8006 46.0400
5185 71.8607 22.8800
5186 158.4434 84.7100
5187 107.9902 92.4800
5189 126.7131 54.4700
5190 133.4852 29.7500
5191 166.4625 49.7600
5195 115.0741 24.5000
5198 110.6575 113.6000
5199 109.0121 89.0900
5201 14.6181 16.6400
5203 124.9292 40.6400
5208 106.1023 117.0200
5210 130.9738 40.1900
5212 39.9399 22.0400
5216 106.6739 92.1200
5219 140.1534 117.5600
5222 79.2736 44.3300
5224 107.2108 29.2100
5226 118.8498 79.1600
5230 169.4069 75.5300
5233 36.6664 32.6900
5238 107.5226 57.4100
5241 19.8660 10.1000
5246 111.4888 74.8400
5247 154.4251 63.6200
5249 134.6976 75.4700
5251 135.4597 54.8000
5256 117.4816 42.1700
5257 103.3311 82.7600
5262 35.7831 11.5400
5264 45.0840 25.9400
5266 89.7349 46.0400
5270 164.2456 36.7400
5280 128.5490 42.9200
5284 65.7640 71.5100
5285 123.2318 64.0700
5292 30.4832 17.4800
5296 126.0376 63.0800
5297 126.5746 54.4700
5299 97.3904 110.7800
5302 100.9410 17.9600
5310 157.6640 106.6100
5311 91.8133 32.2100
5312 48.0630 19.1300
5318 116.0094 84.2000
5319 26.4476 16.3700
5320 50.7996 10.8800
5321 88.8862 89.6000
5322 96.4551 59.1800
5324 102.0148 99.4100
5326 122.3138 97.3100
5327 36.7357 24.6200
5338 123.2318 38.8100
5339 39.6108 32.3000
5340 94.0303 52.4900
5341 121.8289 88.1900
5344 110.6921 129.4700
5345 117.8799 43.1000
5349 32.2672 7.1600
5350 25.9800 12.2600
5361 126.7651 104.6000
5362 109.4624 49.9700
5363 40.2517 8.7500
5366 42.5552 19.3100
